5.394300000000000000e+04
5.393900000000000000e+04
5.394000000000000000e+04
5.394800000000000000e+04
5.394900000000000000e+04
5.395900000000000000e+04
5.396000000000000000e+04
5.396300000000000000e+04
5.276700000000000000e+04
5.276300000000000000e+04
5.276400000000000000e+04
5.277000000000000000e+04
4.502700000000000000e+04
4.502500000000000000e+04
4.500900000000000000e+04
4.501000000000000000e+04
4.501100000000000000e+04
4.625400000000000000e+04
4.624700000000000000e+04
4.624800000000000000e+04
4.624200000000000000e+04
4.624000000000000000e+04
4.622900000000000000e+04
4.623000000000000000e+04
4.623100000000000000e+04
