4.396600000000000000e+04
4.396700000000000000e+04
4.396800000000000000e+04
4.396900000000000000e+04
4.397000000000000000e+04
4.397100000000000000e+04
4.397200000000000000e+04
4.397300000000000000e+04
4.397400000000000000e+04
4.397500000000000000e+04
4.397600000000000000e+04
4.397700000000000000e+04
4.397800000000000000e+04
4.397900000000000000e+04
4.398000000000000000e+04
4.398100000000000000e+04
4.398200000000000000e+04
4.398300000000000000e+04
4.398400000000000000e+04
4.398500000000000000e+04
4.398600000000000000e+04
4.398700000000000000e+04
4.398800000000000000e+04
4.398900000000000000e+04
4.399000000000000000e+04
4.682900000000000000e+04
4.683000000000000000e+04
4.683100000000000000e+04
4.683200000000000000e+04
4.683300000000000000e+04
4.683400000000000000e+04
4.683500000000000000e+04
4.683600000000000000e+04
4.683700000000000000e+04
4.683800000000000000e+04
4.683900000000000000e+04
4.684000000000000000e+04
4.684100000000000000e+04
4.684200000000000000e+04
4.684300000000000000e+04
4.684400000000000000e+04
4.684500000000000000e+04
4.684600000000000000e+04
4.684700000000000000e+04
4.684800000000000000e+04
4.684900000000000000e+04
4.685000000000000000e+04
4.685100000000000000e+04
4.685200000000000000e+04
4.691400000000000000e+04
4.691500000000000000e+04
4.691600000000000000e+04
4.691700000000000000e+04
4.691800000000000000e+04
4.691900000000000000e+04
4.692000000000000000e+04
4.692100000000000000e+04
4.692200000000000000e+04
4.692300000000000000e+04
4.692400000000000000e+04
4.692500000000000000e+04
4.692600000000000000e+04
4.692700000000000000e+04
4.692800000000000000e+04
4.692900000000000000e+04
4.693000000000000000e+04
4.693100000000000000e+04
4.693200000000000000e+04
4.693300000000000000e+04
4.693400000000000000e+04
4.693500000000000000e+04
4.693600000000000000e+04
4.693700000000000000e+04
4.693800000000000000e+04
4.693900000000000000e+04
4.694000000000000000e+04
4.694100000000000000e+04
4.694200000000000000e+04
4.694300000000000000e+04
4.694400000000000000e+04
4.694500000000000000e+04
4.694600000000000000e+04
4.694700000000000000e+04
4.694800000000000000e+04
4.694900000000000000e+04
4.703800000000000000e+04
4.703900000000000000e+04
4.704000000000000000e+04
4.704100000000000000e+04
4.704200000000000000e+04
4.704300000000000000e+04
4.704400000000000000e+04
4.704500000000000000e+04
4.704600000000000000e+04
4.704700000000000000e+04
4.704800000000000000e+04
4.704900000000000000e+04
4.705000000000000000e+04
4.705100000000000000e+04
4.705200000000000000e+04
4.705300000000000000e+04
4.705400000000000000e+04
4.705500000000000000e+04
4.705600000000000000e+04
4.705700000000000000e+04
4.706000000000000000e+04
4.706100000000000000e+04
4.706200000000000000e+04
4.706300000000000000e+04
4.706400000000000000e+04
4.706500000000000000e+04
4.706600000000000000e+04
4.706700000000000000e+04
4.706800000000000000e+04
4.706900000000000000e+04
4.707000000000000000e+04
4.707100000000000000e+04
4.707200000000000000e+04
5.178100000000000000e+04
5.178200000000000000e+04
5.178300000000000000e+04
5.178400000000000000e+04
5.178500000000000000e+04
5.178600000000000000e+04
5.178700000000000000e+04
5.178800000000000000e+04
5.178900000000000000e+04
5.179000000000000000e+04
5.179100000000000000e+04
5.179200000000000000e+04
5.179300000000000000e+04
5.179400000000000000e+04
5.179500000000000000e+04
5.179600000000000000e+04
5.179700000000000000e+04
5.179800000000000000e+04
5.179900000000000000e+04
5.180000000000000000e+04
5.180100000000000000e+04
5.180200000000000000e+04
5.180300000000000000e+04
5.180400000000000000e+04
5.180500000000000000e+04
5.452000000000000000e+04
5.452100000000000000e+04
5.452200000000000000e+04
5.452300000000000000e+04
5.452400000000000000e+04
5.452500000000000000e+04
5.452600000000000000e+04
5.452700000000000000e+04
5.452800000000000000e+04
5.452900000000000000e+04
5.453000000000000000e+04
5.453100000000000000e+04
5.453200000000000000e+04
5.453300000000000000e+04
5.453400000000000000e+04
5.453500000000000000e+04
5.453600000000000000e+04
5.453700000000000000e+04
5.453800000000000000e+04
5.453900000000000000e+04
5.454000000000000000e+04
5.454100000000000000e+04
5.454200000000000000e+04
5.454300000000000000e+04
5.460500000000000000e+04
5.460600000000000000e+04
5.460700000000000000e+04
5.460800000000000000e+04
5.460900000000000000e+04
5.461000000000000000e+04
5.461100000000000000e+04
5.461200000000000000e+04
5.461300000000000000e+04
5.461400000000000000e+04
5.461500000000000000e+04
5.461600000000000000e+04
5.461700000000000000e+04
5.461800000000000000e+04
5.461900000000000000e+04
5.462000000000000000e+04
5.462100000000000000e+04
5.462200000000000000e+04
5.462300000000000000e+04
5.462400000000000000e+04
5.462500000000000000e+04
5.462600000000000000e+04
5.462700000000000000e+04
5.462800000000000000e+04
5.462900000000000000e+04
5.463000000000000000e+04
5.463100000000000000e+04
5.463200000000000000e+04
5.463300000000000000e+04
5.463400000000000000e+04
5.463500000000000000e+04
5.463600000000000000e+04
5.463700000000000000e+04
5.463800000000000000e+04
5.463900000000000000e+04
5.464000000000000000e+04
5.464200000000000000e+04
5.464300000000000000e+04
5.464400000000000000e+04
5.473000000000000000e+04
5.473100000000000000e+04
5.473200000000000000e+04
5.473300000000000000e+04
5.473400000000000000e+04
5.473500000000000000e+04
5.473600000000000000e+04
5.473700000000000000e+04
5.473800000000000000e+04
5.473900000000000000e+04
5.474000000000000000e+04
5.474100000000000000e+04
5.474200000000000000e+04
5.474300000000000000e+04
5.474400000000000000e+04
5.474500000000000000e+04
5.474600000000000000e+04
5.474700000000000000e+04
5.474800000000000000e+04
5.474900000000000000e+04
5.475200000000000000e+04
5.475300000000000000e+04
5.475400000000000000e+04
5.475500000000000000e+04
5.475600000000000000e+04
5.475700000000000000e+04
5.476100000000000000e+04
5.476200000000000000e+04
5.476300000000000000e+04
5.477100000000000000e+04
5.477200000000000000e+04
