2.066200000000000000e+04
2.066300000000000000e+04
2.066400000000000000e+04
2.090800000000000000e+04
2.090900000000000000e+04
2.091000000000000000e+04
2.115400000000000000e+04
2.115500000000000000e+04
2.115600000000000000e+04
2.115700000000000000e+04
2.140000000000000000e+04
2.140100000000000000e+04
2.140200000000000000e+04
2.140300000000000000e+04
2.164600000000000000e+04
2.164700000000000000e+04
2.164800000000000000e+04
2.164900000000000000e+04
2.189200000000000000e+04
2.189300000000000000e+04
2.189400000000000000e+04
2.189500000000000000e+04
2.213600000000000000e+04
2.213700000000000000e+04
2.213800000000000000e+04
2.213900000000000000e+04
2.214000000000000000e+04
2.214100000000000000e+04
2.238200000000000000e+04
2.238300000000000000e+04
2.238400000000000000e+04
2.238500000000000000e+04
2.238600000000000000e+04
2.238700000000000000e+04
2.238800000000000000e+04
2.262600000000000000e+04
2.262700000000000000e+04
2.262800000000000000e+04
2.262900000000000000e+04
2.263000000000000000e+04
2.263100000000000000e+04
2.263200000000000000e+04
2.263300000000000000e+04
2.263400000000000000e+04
2.263500000000000000e+04
2.287200000000000000e+04
2.287300000000000000e+04
2.287400000000000000e+04
2.287500000000000000e+04
2.287600000000000000e+04
2.287700000000000000e+04
2.287800000000000000e+04
2.287900000000000000e+04
2.288000000000000000e+04
2.288100000000000000e+04
2.288200000000000000e+04
2.311700000000000000e+04
2.311800000000000000e+04
2.311900000000000000e+04
2.312000000000000000e+04
2.312100000000000000e+04
2.312200000000000000e+04
2.312300000000000000e+04
2.312400000000000000e+04
2.312500000000000000e+04
2.312600000000000000e+04
2.312700000000000000e+04
2.312800000000000000e+04
2.312900000000000000e+04
2.336200000000000000e+04
2.336300000000000000e+04
2.336400000000000000e+04
2.336500000000000000e+04
2.336600000000000000e+04
2.336700000000000000e+04
2.336800000000000000e+04
2.336900000000000000e+04
2.337000000000000000e+04
2.337100000000000000e+04
2.337200000000000000e+04
2.337300000000000000e+04
2.337400000000000000e+04
2.337500000000000000e+04
2.360800000000000000e+04
2.360900000000000000e+04
2.361000000000000000e+04
2.361100000000000000e+04
2.361200000000000000e+04
2.361300000000000000e+04
2.361400000000000000e+04
2.361500000000000000e+04
2.361600000000000000e+04
2.361700000000000000e+04
2.361800000000000000e+04
2.361900000000000000e+04
2.362000000000000000e+04
2.362100000000000000e+04
2.362200000000000000e+04
2.385300000000000000e+04
2.385400000000000000e+04
2.385500000000000000e+04
2.385600000000000000e+04
2.385700000000000000e+04
2.385800000000000000e+04
2.385900000000000000e+04
2.386000000000000000e+04
2.386100000000000000e+04
2.386200000000000000e+04
2.386300000000000000e+04
2.386400000000000000e+04
2.386500000000000000e+04
2.386600000000000000e+04
2.386700000000000000e+04
2.386800000000000000e+04
2.386900000000000000e+04
2.409800000000000000e+04
2.409900000000000000e+04
2.410000000000000000e+04
2.410100000000000000e+04
2.410200000000000000e+04
2.410300000000000000e+04
2.410400000000000000e+04
2.410500000000000000e+04
2.410600000000000000e+04
2.410700000000000000e+04
2.410800000000000000e+04
2.410900000000000000e+04
2.411000000000000000e+04
2.411100000000000000e+04
2.411200000000000000e+04
2.411300000000000000e+04
2.411400000000000000e+04
2.411500000000000000e+04
2.434400000000000000e+04
2.434500000000000000e+04
2.434600000000000000e+04
2.434700000000000000e+04
2.434800000000000000e+04
2.434900000000000000e+04
2.435000000000000000e+04
2.435100000000000000e+04
2.435200000000000000e+04
2.435300000000000000e+04
2.435400000000000000e+04
2.435500000000000000e+04
2.435600000000000000e+04
2.435700000000000000e+04
2.435800000000000000e+04
2.435900000000000000e+04
2.436000000000000000e+04
2.436100000000000000e+04
2.436200000000000000e+04
2.459000000000000000e+04
2.459100000000000000e+04
2.459200000000000000e+04
2.459300000000000000e+04
2.459400000000000000e+04
2.459500000000000000e+04
2.459600000000000000e+04
2.459700000000000000e+04
2.459800000000000000e+04
2.459900000000000000e+04
2.460000000000000000e+04
2.460100000000000000e+04
2.460200000000000000e+04
2.460300000000000000e+04
2.460400000000000000e+04
2.460500000000000000e+04
2.460600000000000000e+04
2.460700000000000000e+04
2.460800000000000000e+04
2.460900000000000000e+04
2.483500000000000000e+04
2.483600000000000000e+04
2.483700000000000000e+04
2.483800000000000000e+04
2.483900000000000000e+04
2.484000000000000000e+04
2.484100000000000000e+04
2.484200000000000000e+04
2.484300000000000000e+04
2.484400000000000000e+04
2.484500000000000000e+04
2.484600000000000000e+04
2.484700000000000000e+04
2.484800000000000000e+04
2.484900000000000000e+04
2.485000000000000000e+04
2.485100000000000000e+04
2.485200000000000000e+04
2.485300000000000000e+04
2.485400000000000000e+04
2.485500000000000000e+04
2.508000000000000000e+04
2.508100000000000000e+04
2.508200000000000000e+04
2.508300000000000000e+04
2.508400000000000000e+04
2.508500000000000000e+04
2.508600000000000000e+04
2.508700000000000000e+04
2.508800000000000000e+04
2.508900000000000000e+04
2.509000000000000000e+04
2.509100000000000000e+04
2.509200000000000000e+04
2.509300000000000000e+04
2.509400000000000000e+04
2.509500000000000000e+04
2.509600000000000000e+04
2.509700000000000000e+04
2.509800000000000000e+04
2.509900000000000000e+04
2.510000000000000000e+04
2.510100000000000000e+04
2.532600000000000000e+04
2.532700000000000000e+04
2.532800000000000000e+04
2.532900000000000000e+04
2.533000000000000000e+04
2.533100000000000000e+04
2.533200000000000000e+04
2.533300000000000000e+04
2.533400000000000000e+04
2.533500000000000000e+04
2.533600000000000000e+04
2.533700000000000000e+04
2.533800000000000000e+04
2.533900000000000000e+04
2.534000000000000000e+04
2.534100000000000000e+04
2.534200000000000000e+04
2.534300000000000000e+04
2.534400000000000000e+04
2.534500000000000000e+04
2.534600000000000000e+04
2.534700000000000000e+04
2.557200000000000000e+04
2.557300000000000000e+04
2.557400000000000000e+04
2.557500000000000000e+04
2.557600000000000000e+04
2.557700000000000000e+04
2.557800000000000000e+04
2.557900000000000000e+04
2.558000000000000000e+04
2.558100000000000000e+04
2.558200000000000000e+04
2.558300000000000000e+04
2.558400000000000000e+04
2.558500000000000000e+04
2.558600000000000000e+04
2.558700000000000000e+04
2.558800000000000000e+04
2.558900000000000000e+04
2.559000000000000000e+04
2.559100000000000000e+04
2.559200000000000000e+04
2.559300000000000000e+04
2.559400000000000000e+04
2.581800000000000000e+04
2.581900000000000000e+04
2.582000000000000000e+04
2.582100000000000000e+04
2.582200000000000000e+04
2.582300000000000000e+04
2.582400000000000000e+04
2.582500000000000000e+04
2.582600000000000000e+04
2.582700000000000000e+04
2.582800000000000000e+04
2.582900000000000000e+04
2.583000000000000000e+04
2.583100000000000000e+04
2.583200000000000000e+04
2.583300000000000000e+04
2.583400000000000000e+04
2.583500000000000000e+04
2.583600000000000000e+04
2.583700000000000000e+04
2.583800000000000000e+04
2.583900000000000000e+04
2.584000000000000000e+04
2.584100000000000000e+04
2.606300000000000000e+04
2.606400000000000000e+04
2.606500000000000000e+04
2.606600000000000000e+04
2.606700000000000000e+04
2.606800000000000000e+04
2.606900000000000000e+04
2.607000000000000000e+04
2.607100000000000000e+04
2.607200000000000000e+04
2.607300000000000000e+04
2.607400000000000000e+04
2.607500000000000000e+04
2.607600000000000000e+04
2.607700000000000000e+04
2.607800000000000000e+04
2.607900000000000000e+04
2.608000000000000000e+04
2.608100000000000000e+04
2.608200000000000000e+04
2.608300000000000000e+04
2.608400000000000000e+04
2.608500000000000000e+04
2.608600000000000000e+04
2.608700000000000000e+04
2.630800000000000000e+04
2.630900000000000000e+04
2.631000000000000000e+04
2.631100000000000000e+04
2.631200000000000000e+04
2.631300000000000000e+04
2.631400000000000000e+04
2.631500000000000000e+04
2.631600000000000000e+04
2.631700000000000000e+04
2.631800000000000000e+04
2.631900000000000000e+04
2.632000000000000000e+04
2.632100000000000000e+04
2.632200000000000000e+04
2.632300000000000000e+04
2.632400000000000000e+04
2.632500000000000000e+04
2.632600000000000000e+04
2.632700000000000000e+04
2.632800000000000000e+04
2.632900000000000000e+04
2.633000000000000000e+04
2.633100000000000000e+04
2.633200000000000000e+04
2.655300000000000000e+04
2.655400000000000000e+04
2.655500000000000000e+04
2.655600000000000000e+04
2.655700000000000000e+04
2.655800000000000000e+04
2.655900000000000000e+04
2.656000000000000000e+04
2.656100000000000000e+04
2.656200000000000000e+04
2.656300000000000000e+04
2.656400000000000000e+04
2.656500000000000000e+04
2.656600000000000000e+04
2.656700000000000000e+04
2.656800000000000000e+04
2.656900000000000000e+04
2.657000000000000000e+04
2.657100000000000000e+04
2.657200000000000000e+04
2.657300000000000000e+04
2.657400000000000000e+04
2.657500000000000000e+04
2.657600000000000000e+04
2.657700000000000000e+04
2.679700000000000000e+04
2.679800000000000000e+04
2.679900000000000000e+04
2.680000000000000000e+04
2.680100000000000000e+04
2.680200000000000000e+04
2.680300000000000000e+04
2.680400000000000000e+04
2.680500000000000000e+04
2.680600000000000000e+04
2.680700000000000000e+04
2.680800000000000000e+04
2.680900000000000000e+04
2.681000000000000000e+04
2.681100000000000000e+04
2.681200000000000000e+04
2.681300000000000000e+04
2.681400000000000000e+04
2.681500000000000000e+04
2.681600000000000000e+04
2.681700000000000000e+04
2.681800000000000000e+04
2.681900000000000000e+04
2.682000000000000000e+04
2.682100000000000000e+04
2.682200000000000000e+04
2.704100000000000000e+04
2.704200000000000000e+04
2.704300000000000000e+04
2.704400000000000000e+04
2.704500000000000000e+04
2.704600000000000000e+04
2.704700000000000000e+04
2.704800000000000000e+04
2.704900000000000000e+04
2.705000000000000000e+04
2.705100000000000000e+04
2.705200000000000000e+04
2.705300000000000000e+04
2.705400000000000000e+04
2.705500000000000000e+04
2.705600000000000000e+04
2.705700000000000000e+04
2.705800000000000000e+04
2.705900000000000000e+04
2.706000000000000000e+04
2.706100000000000000e+04
2.706200000000000000e+04
2.706300000000000000e+04
2.706400000000000000e+04
2.706500000000000000e+04
2.728300000000000000e+04
2.728400000000000000e+04
2.728500000000000000e+04
2.728600000000000000e+04
2.728700000000000000e+04
2.728800000000000000e+04
2.728900000000000000e+04
2.729000000000000000e+04
2.729100000000000000e+04
2.729200000000000000e+04
2.729300000000000000e+04
2.729400000000000000e+04
2.729500000000000000e+04
2.729600000000000000e+04
2.729700000000000000e+04
2.729800000000000000e+04
2.729900000000000000e+04
2.730000000000000000e+04
2.730100000000000000e+04
2.730200000000000000e+04
2.730300000000000000e+04
2.730400000000000000e+04
2.730500000000000000e+04
2.730600000000000000e+04
2.730700000000000000e+04
2.752400000000000000e+04
2.752500000000000000e+04
2.752600000000000000e+04
2.752700000000000000e+04
2.752800000000000000e+04
2.752900000000000000e+04
2.753000000000000000e+04
2.753100000000000000e+04
2.753200000000000000e+04
2.753300000000000000e+04
2.753400000000000000e+04
2.753500000000000000e+04
2.753600000000000000e+04
2.753700000000000000e+04
2.753800000000000000e+04
2.753900000000000000e+04
2.754000000000000000e+04
2.754100000000000000e+04
2.754200000000000000e+04
2.754300000000000000e+04
2.754400000000000000e+04
2.754500000000000000e+04
2.754600000000000000e+04
2.754700000000000000e+04
2.754800000000000000e+04
2.776500000000000000e+04
2.776600000000000000e+04
2.776700000000000000e+04
2.776800000000000000e+04
2.776900000000000000e+04
2.777000000000000000e+04
2.777100000000000000e+04
2.777200000000000000e+04
2.777300000000000000e+04
2.777400000000000000e+04
2.777500000000000000e+04
2.777600000000000000e+04
2.777700000000000000e+04
2.777800000000000000e+04
2.777900000000000000e+04
2.778000000000000000e+04
2.778100000000000000e+04
2.778200000000000000e+04
2.778300000000000000e+04
2.778400000000000000e+04
2.778500000000000000e+04
2.778600000000000000e+04
2.778700000000000000e+04
2.778800000000000000e+04
2.800500000000000000e+04
2.800600000000000000e+04
2.800700000000000000e+04
2.800800000000000000e+04
2.800900000000000000e+04
2.801000000000000000e+04
2.801100000000000000e+04
2.801200000000000000e+04
2.801300000000000000e+04
2.801400000000000000e+04
2.801500000000000000e+04
2.801600000000000000e+04
2.801700000000000000e+04
2.801800000000000000e+04
2.801900000000000000e+04
2.802000000000000000e+04
2.802100000000000000e+04
2.802200000000000000e+04
2.802300000000000000e+04
2.802400000000000000e+04
2.802500000000000000e+04
2.802600000000000000e+04
2.802700000000000000e+04
2.802800000000000000e+04
2.824400000000000000e+04
2.824500000000000000e+04
2.824600000000000000e+04
2.824700000000000000e+04
2.824800000000000000e+04
2.824900000000000000e+04
2.825000000000000000e+04
2.825100000000000000e+04
2.825200000000000000e+04
2.825300000000000000e+04
2.825400000000000000e+04
2.825500000000000000e+04
2.825600000000000000e+04
2.825700000000000000e+04
2.825800000000000000e+04
2.825900000000000000e+04
2.826000000000000000e+04
2.826100000000000000e+04
2.826200000000000000e+04
2.826300000000000000e+04
2.826400000000000000e+04
2.826500000000000000e+04
2.826600000000000000e+04
2.848100000000000000e+04
2.848200000000000000e+04
2.848300000000000000e+04
2.848400000000000000e+04
2.848500000000000000e+04
2.848600000000000000e+04
2.848700000000000000e+04
2.848800000000000000e+04
2.848900000000000000e+04
2.849000000000000000e+04
2.849100000000000000e+04
2.849200000000000000e+04
2.849300000000000000e+04
2.849400000000000000e+04
2.849500000000000000e+04
2.849600000000000000e+04
2.849700000000000000e+04
2.849800000000000000e+04
2.849900000000000000e+04
2.850000000000000000e+04
2.850100000000000000e+04
2.850200000000000000e+04
2.850300000000000000e+04
2.850400000000000000e+04
2.850500000000000000e+04
2.871800000000000000e+04
2.871900000000000000e+04
2.872000000000000000e+04
2.872100000000000000e+04
2.872200000000000000e+04
2.872300000000000000e+04
2.872400000000000000e+04
2.872500000000000000e+04
2.872600000000000000e+04
2.872700000000000000e+04
2.872800000000000000e+04
2.872900000000000000e+04
2.873000000000000000e+04
2.873100000000000000e+04
2.873200000000000000e+04
2.873300000000000000e+04
2.873400000000000000e+04
2.873500000000000000e+04
2.873600000000000000e+04
2.873700000000000000e+04
2.873800000000000000e+04
2.873900000000000000e+04
2.874000000000000000e+04
2.874100000000000000e+04
2.895400000000000000e+04
2.895500000000000000e+04
2.895600000000000000e+04
2.895700000000000000e+04
2.895800000000000000e+04
2.895900000000000000e+04
2.896000000000000000e+04
2.896100000000000000e+04
2.896200000000000000e+04
2.896300000000000000e+04
2.896400000000000000e+04
2.896500000000000000e+04
2.896600000000000000e+04
2.896700000000000000e+04
2.896800000000000000e+04
2.896900000000000000e+04
2.897000000000000000e+04
2.897100000000000000e+04
2.897200000000000000e+04
2.897300000000000000e+04
2.897400000000000000e+04
2.897500000000000000e+04
2.897600000000000000e+04
2.897700000000000000e+04
2.919000000000000000e+04
2.919100000000000000e+04
2.919200000000000000e+04
2.919300000000000000e+04
2.919400000000000000e+04
2.919500000000000000e+04
2.919600000000000000e+04
2.919700000000000000e+04
2.919800000000000000e+04
2.919900000000000000e+04
2.920000000000000000e+04
2.920100000000000000e+04
2.920200000000000000e+04
2.920300000000000000e+04
2.920400000000000000e+04
2.920500000000000000e+04
2.920600000000000000e+04
2.920700000000000000e+04
2.920800000000000000e+04
2.920900000000000000e+04
2.921000000000000000e+04
2.921100000000000000e+04
2.942400000000000000e+04
2.942500000000000000e+04
2.942600000000000000e+04
2.942700000000000000e+04
2.942800000000000000e+04
2.942900000000000000e+04
2.943000000000000000e+04
2.943100000000000000e+04
2.943200000000000000e+04
2.943300000000000000e+04
2.943400000000000000e+04
2.943500000000000000e+04
2.943600000000000000e+04
2.943700000000000000e+04
2.943800000000000000e+04
2.943900000000000000e+04
2.944000000000000000e+04
2.944100000000000000e+04
2.944200000000000000e+04
2.944300000000000000e+04
2.944400000000000000e+04
2.944500000000000000e+04
2.965800000000000000e+04
2.965900000000000000e+04
2.966000000000000000e+04
2.966100000000000000e+04
2.966200000000000000e+04
2.966300000000000000e+04
2.966400000000000000e+04
2.966500000000000000e+04
2.966600000000000000e+04
2.966700000000000000e+04
2.966800000000000000e+04
2.966900000000000000e+04
2.967000000000000000e+04
2.967100000000000000e+04
2.967200000000000000e+04
2.967300000000000000e+04
2.967400000000000000e+04
2.967500000000000000e+04
2.967600000000000000e+04
2.967700000000000000e+04
2.967800000000000000e+04
2.967900000000000000e+04
2.989100000000000000e+04
2.989200000000000000e+04
2.989300000000000000e+04
2.989400000000000000e+04
2.989500000000000000e+04
2.989600000000000000e+04
2.989700000000000000e+04
2.989800000000000000e+04
2.989900000000000000e+04
2.990000000000000000e+04
2.990100000000000000e+04
2.990200000000000000e+04
2.990300000000000000e+04
2.990400000000000000e+04
2.990500000000000000e+04
2.990600000000000000e+04
2.990700000000000000e+04
2.990800000000000000e+04
2.990900000000000000e+04
2.991000000000000000e+04
2.991100000000000000e+04
3.012300000000000000e+04
3.012400000000000000e+04
3.012500000000000000e+04
3.012600000000000000e+04
3.012700000000000000e+04
3.012800000000000000e+04
3.012900000000000000e+04
3.013000000000000000e+04
3.013100000000000000e+04
3.013200000000000000e+04
3.013300000000000000e+04
3.013400000000000000e+04
3.013500000000000000e+04
3.013600000000000000e+04
3.013700000000000000e+04
3.013800000000000000e+04
3.013900000000000000e+04
3.014000000000000000e+04
3.014100000000000000e+04
3.014200000000000000e+04
3.014300000000000000e+04
3.035500000000000000e+04
3.035600000000000000e+04
3.035700000000000000e+04
3.035800000000000000e+04
3.035900000000000000e+04
3.036000000000000000e+04
3.036100000000000000e+04
3.036200000000000000e+04
3.036300000000000000e+04
3.036400000000000000e+04
3.036500000000000000e+04
3.036600000000000000e+04
3.036700000000000000e+04
3.036800000000000000e+04
3.036900000000000000e+04
3.037000000000000000e+04
3.037100000000000000e+04
3.037200000000000000e+04
3.037300000000000000e+04
3.037400000000000000e+04
3.058400000000000000e+04
3.058500000000000000e+04
3.058600000000000000e+04
3.058700000000000000e+04
3.058800000000000000e+04
3.058900000000000000e+04
3.059000000000000000e+04
3.059100000000000000e+04
3.059200000000000000e+04
3.059300000000000000e+04
3.059400000000000000e+04
3.059500000000000000e+04
3.059600000000000000e+04
3.059700000000000000e+04
3.059800000000000000e+04
3.059900000000000000e+04
3.060000000000000000e+04
3.060100000000000000e+04
3.060200000000000000e+04
3.060300000000000000e+04
3.060400000000000000e+04
3.081400000000000000e+04
3.081500000000000000e+04
3.081600000000000000e+04
3.081700000000000000e+04
3.081800000000000000e+04
3.081900000000000000e+04
3.082000000000000000e+04
3.082100000000000000e+04
3.082200000000000000e+04
3.082300000000000000e+04
3.082400000000000000e+04
3.082500000000000000e+04
3.082600000000000000e+04
3.082700000000000000e+04
3.082800000000000000e+04
3.082900000000000000e+04
3.083000000000000000e+04
3.083100000000000000e+04
3.083200000000000000e+04
3.104200000000000000e+04
3.104300000000000000e+04
3.104400000000000000e+04
3.104500000000000000e+04
3.104600000000000000e+04
3.104700000000000000e+04
3.104800000000000000e+04
3.104900000000000000e+04
3.105000000000000000e+04
3.105100000000000000e+04
3.105200000000000000e+04
3.105300000000000000e+04
3.105400000000000000e+04
3.105500000000000000e+04
3.105600000000000000e+04
3.105700000000000000e+04
3.105800000000000000e+04
3.105900000000000000e+04
3.106000000000000000e+04
3.127000000000000000e+04
3.127100000000000000e+04
3.127200000000000000e+04
3.127300000000000000e+04
3.127400000000000000e+04
3.127500000000000000e+04
3.127600000000000000e+04
3.127700000000000000e+04
3.127800000000000000e+04
3.127900000000000000e+04
3.128000000000000000e+04
3.128100000000000000e+04
3.128200000000000000e+04
3.128300000000000000e+04
3.128400000000000000e+04
3.128500000000000000e+04
3.128600000000000000e+04
3.149500000000000000e+04
3.149600000000000000e+04
3.149700000000000000e+04
3.149800000000000000e+04
3.149900000000000000e+04
3.150000000000000000e+04
3.150100000000000000e+04
3.150200000000000000e+04
3.150300000000000000e+04
3.150400000000000000e+04
3.150500000000000000e+04
3.150600000000000000e+04
3.150700000000000000e+04
3.150800000000000000e+04
3.150900000000000000e+04
3.151000000000000000e+04
3.151100000000000000e+04
3.151200000000000000e+04
3.172100000000000000e+04
3.172200000000000000e+04
3.172300000000000000e+04
3.172400000000000000e+04
3.172500000000000000e+04
3.172600000000000000e+04
3.172700000000000000e+04
3.172800000000000000e+04
3.172900000000000000e+04
3.173000000000000000e+04
3.173100000000000000e+04
3.173200000000000000e+04
3.173300000000000000e+04
3.173400000000000000e+04
3.173500000000000000e+04
3.173600000000000000e+04
3.173700000000000000e+04
3.173800000000000000e+04
3.194700000000000000e+04
3.194800000000000000e+04
3.194900000000000000e+04
3.195000000000000000e+04
3.195100000000000000e+04
3.195200000000000000e+04
3.195300000000000000e+04
3.195400000000000000e+04
3.195500000000000000e+04
3.195600000000000000e+04
3.195700000000000000e+04
3.195800000000000000e+04
3.195900000000000000e+04
3.196000000000000000e+04
3.196100000000000000e+04
3.196200000000000000e+04
3.196300000000000000e+04
3.217100000000000000e+04
3.217200000000000000e+04
3.217300000000000000e+04
3.217400000000000000e+04
3.217500000000000000e+04
3.217600000000000000e+04
3.217700000000000000e+04
3.217800000000000000e+04
3.217900000000000000e+04
3.218000000000000000e+04
3.218100000000000000e+04
3.218200000000000000e+04
3.218300000000000000e+04
3.218400000000000000e+04
3.218500000000000000e+04
3.218600000000000000e+04
3.218700000000000000e+04
3.239500000000000000e+04
3.239600000000000000e+04
3.239700000000000000e+04
3.239800000000000000e+04
3.239900000000000000e+04
3.240000000000000000e+04
3.240100000000000000e+04
3.240200000000000000e+04
3.240300000000000000e+04
3.240400000000000000e+04
3.240500000000000000e+04
3.240600000000000000e+04
3.240700000000000000e+04
3.240800000000000000e+04
3.240900000000000000e+04
3.261700000000000000e+04
3.261800000000000000e+04
3.261900000000000000e+04
3.262000000000000000e+04
3.262100000000000000e+04
3.262200000000000000e+04
3.262300000000000000e+04
3.262400000000000000e+04
3.262500000000000000e+04
3.262600000000000000e+04
3.262700000000000000e+04
3.262800000000000000e+04
3.262900000000000000e+04
3.263000000000000000e+04
3.263100000000000000e+04
3.283900000000000000e+04
3.284000000000000000e+04
3.284100000000000000e+04
3.284200000000000000e+04
3.284300000000000000e+04
3.284400000000000000e+04
3.284500000000000000e+04
3.284600000000000000e+04
3.284700000000000000e+04
3.284800000000000000e+04
3.284900000000000000e+04
3.285000000000000000e+04
3.285100000000000000e+04
3.305900000000000000e+04
3.306000000000000000e+04
3.306100000000000000e+04
3.306200000000000000e+04
3.306300000000000000e+04
3.306400000000000000e+04
3.306500000000000000e+04
3.306600000000000000e+04
3.306700000000000000e+04
3.306800000000000000e+04
3.306900000000000000e+04
3.307000000000000000e+04
3.307100000000000000e+04
3.327900000000000000e+04
3.328000000000000000e+04
3.328100000000000000e+04
3.328200000000000000e+04
3.328300000000000000e+04
3.328400000000000000e+04
3.328500000000000000e+04
3.328600000000000000e+04
3.328700000000000000e+04
3.328800000000000000e+04
3.328900000000000000e+04
3.329000000000000000e+04
3.349800000000000000e+04
3.349900000000000000e+04
3.350000000000000000e+04
3.350100000000000000e+04
3.350200000000000000e+04
3.350300000000000000e+04
3.350400000000000000e+04
3.350500000000000000e+04
3.350600000000000000e+04
3.350700000000000000e+04
3.350800000000000000e+04
3.371600000000000000e+04
3.371700000000000000e+04
3.371800000000000000e+04
3.371900000000000000e+04
3.372000000000000000e+04
3.372100000000000000e+04
3.372200000000000000e+04
3.372300000000000000e+04
3.372400000000000000e+04
3.372500000000000000e+04
3.372600000000000000e+04
3.393200000000000000e+04
3.393300000000000000e+04
3.393400000000000000e+04
3.393500000000000000e+04
3.393600000000000000e+04
3.393700000000000000e+04
3.393800000000000000e+04
3.393900000000000000e+04
3.394000000000000000e+04
3.394100000000000000e+04
3.394200000000000000e+04
3.414800000000000000e+04
3.414900000000000000e+04
3.415000000000000000e+04
3.415100000000000000e+04
3.415200000000000000e+04
3.415300000000000000e+04
3.415400000000000000e+04
3.415500000000000000e+04
3.415600000000000000e+04
3.415700000000000000e+04
3.415800000000000000e+04
3.436400000000000000e+04
3.436500000000000000e+04
3.436600000000000000e+04
3.436700000000000000e+04
3.436800000000000000e+04
3.436900000000000000e+04
3.437000000000000000e+04
3.437100000000000000e+04
3.437200000000000000e+04
3.457800000000000000e+04
3.457900000000000000e+04
3.458000000000000000e+04
3.458100000000000000e+04
3.458200000000000000e+04
3.458300000000000000e+04
3.458400000000000000e+04
3.458500000000000000e+04
3.458600000000000000e+04
3.479200000000000000e+04
3.479300000000000000e+04
3.479400000000000000e+04
3.479500000000000000e+04
3.479600000000000000e+04
3.479700000000000000e+04
3.479800000000000000e+04
3.479900000000000000e+04
3.500500000000000000e+04
3.500600000000000000e+04
3.500700000000000000e+04
3.500800000000000000e+04
3.500900000000000000e+04
3.501000000000000000e+04
3.501100000000000000e+04
3.521700000000000000e+04
3.521800000000000000e+04
3.521900000000000000e+04
3.522000000000000000e+04
3.522100000000000000e+04
3.522200000000000000e+04
3.542800000000000000e+04
3.542900000000000000e+04
3.543000000000000000e+04
3.543100000000000000e+04
3.543200000000000000e+04
3.563800000000000000e+04
3.563900000000000000e+04
3.564000000000000000e+04
3.564100000000000000e+04
3.584600000000000000e+04
3.584700000000000000e+04
3.584800000000000000e+04
3.584900000000000000e+04
3.605400000000000000e+04
3.605500000000000000e+04
3.605600000000000000e+04
3.605700000000000000e+04
3.626100000000000000e+04
3.626200000000000000e+04
3.626300000000000000e+04
3.646700000000000000e+04
3.646800000000000000e+04
3.667200000000000000e+04
3.667300000000000000e+04
3.687500000000000000e+04
3.687600000000000000e+04
3.707800000000000000e+04
