5.920000000000000000e+02
5.930000000000000000e+02
5.940000000000000000e+02
6.080000000000000000e+02
6.100000000000000000e+02
1.545000000000000000e+03
1.546000000000000000e+03
1.547000000000000000e+03
1.556000000000000000e+03
1.558000000000000000e+03
1.563000000000000000e+03
1.564000000000000000e+03
1.570000000000000000e+03
4.771000000000000000e+03
4.772000000000000000e+03
4.775000000000000000e+03
4.778000000000000000e+03
5.691000000000000000e+03
5.692000000000000000e+03
5.695000000000000000e+03
5.700000000000000000e+03
5.701000000000000000e+03
5.711000000000000000e+03
5.712000000000000000e+03
5.715000000000000000e+03
