4.408600000000000000e+04
4.408700000000000000e+04
4.408800000000000000e+04
4.408900000000000000e+04
4.409000000000000000e+04
4.409100000000000000e+04
4.409200000000000000e+04
4.409300000000000000e+04
4.409400000000000000e+04
4.409500000000000000e+04
4.409600000000000000e+04
4.409700000000000000e+04
4.409800000000000000e+04
4.409900000000000000e+04
4.410000000000000000e+04
4.410100000000000000e+04
4.410200000000000000e+04
4.410300000000000000e+04
4.410400000000000000e+04
4.410500000000000000e+04
4.410600000000000000e+04
4.410700000000000000e+04
4.410800000000000000e+04
4.410900000000000000e+04
4.411000000000000000e+04
4.411100000000000000e+04
4.411200000000000000e+04
4.411300000000000000e+04
4.411400000000000000e+04
4.411500000000000000e+04
4.411600000000000000e+04
4.411700000000000000e+04
4.411800000000000000e+04
4.411900000000000000e+04
4.412000000000000000e+04
4.412100000000000000e+04
4.412200000000000000e+04
4.412300000000000000e+04
4.412400000000000000e+04
4.412500000000000000e+04
4.412600000000000000e+04
4.412700000000000000e+04
4.412800000000000000e+04
4.412900000000000000e+04
4.413000000000000000e+04
4.413100000000000000e+04
4.413200000000000000e+04
4.413300000000000000e+04
4.413400000000000000e+04
4.413500000000000000e+04
4.413600000000000000e+04
4.413700000000000000e+04
4.413800000000000000e+04
4.413900000000000000e+04
4.414000000000000000e+04
4.414100000000000000e+04
4.414200000000000000e+04
4.414300000000000000e+04
4.414400000000000000e+04
4.414500000000000000e+04
4.414600000000000000e+04
4.414700000000000000e+04
4.414800000000000000e+04
4.414900000000000000e+04
4.415000000000000000e+04
4.415100000000000000e+04
4.415200000000000000e+04
4.415300000000000000e+04
4.415400000000000000e+04
4.415500000000000000e+04
4.415600000000000000e+04
4.415700000000000000e+04
4.415800000000000000e+04
4.415900000000000000e+04
4.416000000000000000e+04
4.416100000000000000e+04
4.416200000000000000e+04
4.416300000000000000e+04
4.416400000000000000e+04
4.416500000000000000e+04
4.416600000000000000e+04
4.416700000000000000e+04
4.416800000000000000e+04
4.416900000000000000e+04
4.417000000000000000e+04
4.417100000000000000e+04
4.417200000000000000e+04
4.417300000000000000e+04
4.417400000000000000e+04
4.417500000000000000e+04
4.417600000000000000e+04
4.417700000000000000e+04
4.417800000000000000e+04
4.417900000000000000e+04
4.418000000000000000e+04
4.418100000000000000e+04
4.418200000000000000e+04
4.418300000000000000e+04
4.418400000000000000e+04
4.418500000000000000e+04
4.418600000000000000e+04
4.418700000000000000e+04
4.418800000000000000e+04
4.418900000000000000e+04
4.419000000000000000e+04
4.419100000000000000e+04
4.419200000000000000e+04
4.419300000000000000e+04
4.419400000000000000e+04
4.419500000000000000e+04
4.419600000000000000e+04
4.419700000000000000e+04
4.419800000000000000e+04
4.419900000000000000e+04
4.420000000000000000e+04
4.420100000000000000e+04
4.420200000000000000e+04
4.420300000000000000e+04
4.420400000000000000e+04
4.420500000000000000e+04
4.420600000000000000e+04
4.420700000000000000e+04
4.420800000000000000e+04
4.420900000000000000e+04
4.421000000000000000e+04
4.421100000000000000e+04
4.421200000000000000e+04
4.421300000000000000e+04
4.421400000000000000e+04
4.421500000000000000e+04
4.421600000000000000e+04
4.421700000000000000e+04
4.421800000000000000e+04
4.421900000000000000e+04
4.422000000000000000e+04
4.422100000000000000e+04
4.422200000000000000e+04
4.422300000000000000e+04
4.422400000000000000e+04
4.422500000000000000e+04
4.422600000000000000e+04
4.422700000000000000e+04
4.422800000000000000e+04
4.422900000000000000e+04
4.423000000000000000e+04
4.423100000000000000e+04
4.423200000000000000e+04
4.423300000000000000e+04
4.423400000000000000e+04
4.423500000000000000e+04
4.423600000000000000e+04
4.423700000000000000e+04
4.423800000000000000e+04
4.423900000000000000e+04
4.424000000000000000e+04
4.424100000000000000e+04
4.424200000000000000e+04
4.424300000000000000e+04
4.424400000000000000e+04
4.424500000000000000e+04
4.424600000000000000e+04
4.424700000000000000e+04
4.424800000000000000e+04
4.424900000000000000e+04
4.425000000000000000e+04
4.425100000000000000e+04
4.425200000000000000e+04
4.425300000000000000e+04
4.425400000000000000e+04
4.425500000000000000e+04
4.425600000000000000e+04
4.425700000000000000e+04
4.425800000000000000e+04
4.425900000000000000e+04
4.426000000000000000e+04
4.426100000000000000e+04
4.426200000000000000e+04
4.426300000000000000e+04
4.426400000000000000e+04
4.426500000000000000e+04
4.426600000000000000e+04
4.426700000000000000e+04
4.426800000000000000e+04
4.426900000000000000e+04
4.427000000000000000e+04
4.427100000000000000e+04
4.427200000000000000e+04
4.427300000000000000e+04
4.427400000000000000e+04
4.427500000000000000e+04
4.427600000000000000e+04
4.427700000000000000e+04
4.427800000000000000e+04
4.427900000000000000e+04
4.428000000000000000e+04
4.428100000000000000e+04
4.428200000000000000e+04
4.428300000000000000e+04
4.428400000000000000e+04
4.428500000000000000e+04
4.428600000000000000e+04
4.428700000000000000e+04
4.428800000000000000e+04
4.428900000000000000e+04
4.429000000000000000e+04
4.429100000000000000e+04
4.429200000000000000e+04
4.429300000000000000e+04
4.429400000000000000e+04
4.429500000000000000e+04
4.429600000000000000e+04
4.429700000000000000e+04
4.429800000000000000e+04
4.429900000000000000e+04
4.430000000000000000e+04
4.430100000000000000e+04
4.430200000000000000e+04
4.430300000000000000e+04
4.430400000000000000e+04
4.430500000000000000e+04
4.430600000000000000e+04
4.430700000000000000e+04
4.430800000000000000e+04
4.430900000000000000e+04
4.431000000000000000e+04
4.431100000000000000e+04
4.431200000000000000e+04
4.431300000000000000e+04
4.431400000000000000e+04
4.431700000000000000e+04
4.431800000000000000e+04
4.432000000000000000e+04
4.432100000000000000e+04
4.432200000000000000e+04
4.432300000000000000e+04
4.432600000000000000e+04
4.432700000000000000e+04
4.432800000000000000e+04
4.432900000000000000e+04
4.433000000000000000e+04
4.433100000000000000e+04
4.433200000000000000e+04
4.433300000000000000e+04
4.433400000000000000e+04
4.433500000000000000e+04
4.433600000000000000e+04
4.433700000000000000e+04
4.433800000000000000e+04
4.433900000000000000e+04
4.434200000000000000e+04
4.434300000000000000e+04
4.434500000000000000e+04
4.434600000000000000e+04
4.434700000000000000e+04
4.434800000000000000e+04
4.435100000000000000e+04
4.435200000000000000e+04
4.435300000000000000e+04
4.435400000000000000e+04
4.435500000000000000e+04
4.435600000000000000e+04
4.435700000000000000e+04
4.435800000000000000e+04
4.435900000000000000e+04
4.436000000000000000e+04
4.436100000000000000e+04
4.436200000000000000e+04
4.436300000000000000e+04
4.436400000000000000e+04
4.436700000000000000e+04
4.436800000000000000e+04
4.437000000000000000e+04
4.437100000000000000e+04
4.437200000000000000e+04
4.437300000000000000e+04
4.437600000000000000e+04
4.437700000000000000e+04
4.437800000000000000e+04
4.437900000000000000e+04
4.438000000000000000e+04
4.438100000000000000e+04
4.438200000000000000e+04
4.438300000000000000e+04
4.438400000000000000e+04
4.438500000000000000e+04
4.438600000000000000e+04
4.438700000000000000e+04
4.438800000000000000e+04
4.438900000000000000e+04
4.439000000000000000e+04
4.439100000000000000e+04
4.439200000000000000e+04
4.439300000000000000e+04
4.439400000000000000e+04
4.439500000000000000e+04
4.439600000000000000e+04
4.439700000000000000e+04
4.439800000000000000e+04
4.439900000000000000e+04
4.440000000000000000e+04
4.440100000000000000e+04
4.440200000000000000e+04
4.440300000000000000e+04
4.440400000000000000e+04
4.440500000000000000e+04
4.440600000000000000e+04
4.440700000000000000e+04
4.440800000000000000e+04
4.440900000000000000e+04
4.441000000000000000e+04
4.441100000000000000e+04
4.441200000000000000e+04
4.441300000000000000e+04
4.441400000000000000e+04
4.441500000000000000e+04
4.441600000000000000e+04
4.441700000000000000e+04
4.441800000000000000e+04
4.441900000000000000e+04
4.442000000000000000e+04
4.442100000000000000e+04
4.442200000000000000e+04
4.442300000000000000e+04
4.442400000000000000e+04
4.442500000000000000e+04
4.442600000000000000e+04
4.442700000000000000e+04
4.442800000000000000e+04
4.442900000000000000e+04
4.443000000000000000e+04
4.443100000000000000e+04
4.443200000000000000e+04
4.443300000000000000e+04
4.443400000000000000e+04
4.443500000000000000e+04
4.443600000000000000e+04
4.443700000000000000e+04
4.443800000000000000e+04
4.443900000000000000e+04
4.444000000000000000e+04
4.444100000000000000e+04
4.444200000000000000e+04
4.444300000000000000e+04
4.444400000000000000e+04
4.444500000000000000e+04
4.444600000000000000e+04
4.444700000000000000e+04
4.444800000000000000e+04
4.444900000000000000e+04
4.445000000000000000e+04
4.445100000000000000e+04
4.445200000000000000e+04
4.445300000000000000e+04
4.445400000000000000e+04
4.445500000000000000e+04
4.445600000000000000e+04
4.445700000000000000e+04
4.445800000000000000e+04
4.445900000000000000e+04
4.446000000000000000e+04
4.446100000000000000e+04
4.446200000000000000e+04
4.446300000000000000e+04
4.446400000000000000e+04
4.446500000000000000e+04
4.446600000000000000e+04
4.446700000000000000e+04
4.446800000000000000e+04
4.446900000000000000e+04
4.447000000000000000e+04
4.447100000000000000e+04
4.447200000000000000e+04
4.447300000000000000e+04
4.447400000000000000e+04
4.447500000000000000e+04
4.447600000000000000e+04
4.447700000000000000e+04
4.447800000000000000e+04
4.447900000000000000e+04
4.448000000000000000e+04
4.448100000000000000e+04
4.448200000000000000e+04
4.448300000000000000e+04
4.448400000000000000e+04
4.448500000000000000e+04
4.448600000000000000e+04
4.448700000000000000e+04
4.448800000000000000e+04
4.448900000000000000e+04
4.449000000000000000e+04
4.449100000000000000e+04
4.449200000000000000e+04
4.449300000000000000e+04
4.449400000000000000e+04
4.449500000000000000e+04
4.449600000000000000e+04
4.449700000000000000e+04
4.449800000000000000e+04
4.449900000000000000e+04
4.450000000000000000e+04
4.450100000000000000e+04
4.450200000000000000e+04
4.450300000000000000e+04
4.450400000000000000e+04
4.450500000000000000e+04
4.450600000000000000e+04
4.450700000000000000e+04
4.450800000000000000e+04
4.450900000000000000e+04
4.451000000000000000e+04
4.451100000000000000e+04
4.451200000000000000e+04
4.451300000000000000e+04
4.451400000000000000e+04
4.451500000000000000e+04
4.451600000000000000e+04
4.451700000000000000e+04
4.451800000000000000e+04
4.451900000000000000e+04
4.452000000000000000e+04
4.452100000000000000e+04
4.452200000000000000e+04
4.452500000000000000e+04
4.452600000000000000e+04
4.452800000000000000e+04
4.452900000000000000e+04
4.453000000000000000e+04
4.453100000000000000e+04
4.453400000000000000e+04
4.453500000000000000e+04
4.453600000000000000e+04
4.453700000000000000e+04
4.453800000000000000e+04
4.453900000000000000e+04
4.454000000000000000e+04
4.454100000000000000e+04
4.454200000000000000e+04
4.454300000000000000e+04
4.454400000000000000e+04
4.454500000000000000e+04
4.454600000000000000e+04
4.454700000000000000e+04
4.454800000000000000e+04
4.454900000000000000e+04
4.455000000000000000e+04
4.455100000000000000e+04
4.455200000000000000e+04
4.455300000000000000e+04
4.455400000000000000e+04
4.455500000000000000e+04
4.455600000000000000e+04
4.455700000000000000e+04
4.455800000000000000e+04
4.455900000000000000e+04
4.456000000000000000e+04
4.456100000000000000e+04
4.456200000000000000e+04
4.456300000000000000e+04
4.456400000000000000e+04
4.456500000000000000e+04
4.456600000000000000e+04
4.456700000000000000e+04
4.456800000000000000e+04
4.456900000000000000e+04
4.457000000000000000e+04
4.457100000000000000e+04
4.457200000000000000e+04
4.457300000000000000e+04
4.457400000000000000e+04
4.457500000000000000e+04
4.457600000000000000e+04
4.457700000000000000e+04
4.457800000000000000e+04
4.457900000000000000e+04
4.458000000000000000e+04
4.458100000000000000e+04
4.458200000000000000e+04
4.458300000000000000e+04
4.458400000000000000e+04
4.477500000000000000e+04
4.477600000000000000e+04
4.477700000000000000e+04
4.477800000000000000e+04
4.477900000000000000e+04
4.478000000000000000e+04
4.478100000000000000e+04
4.478200000000000000e+04
4.478300000000000000e+04
4.478400000000000000e+04
4.478500000000000000e+04
4.478600000000000000e+04
4.478700000000000000e+04
4.478800000000000000e+04
4.478900000000000000e+04
4.479000000000000000e+04
4.479100000000000000e+04
4.479200000000000000e+04
4.479300000000000000e+04
4.479400000000000000e+04
4.479500000000000000e+04
4.479600000000000000e+04
4.479700000000000000e+04
4.479800000000000000e+04
4.479900000000000000e+04
4.480000000000000000e+04
4.480100000000000000e+04
4.480200000000000000e+04
4.480300000000000000e+04
4.480400000000000000e+04
4.480500000000000000e+04
4.480600000000000000e+04
4.480700000000000000e+04
4.480800000000000000e+04
4.480900000000000000e+04
4.481000000000000000e+04
4.481100000000000000e+04
4.481200000000000000e+04
4.481300000000000000e+04
4.481400000000000000e+04
4.481500000000000000e+04
4.481600000000000000e+04
4.481700000000000000e+04
4.481800000000000000e+04
4.481900000000000000e+04
4.482000000000000000e+04
4.482100000000000000e+04
4.482200000000000000e+04
4.482300000000000000e+04
4.482400000000000000e+04
4.482500000000000000e+04
4.482600000000000000e+04
4.482700000000000000e+04
4.482800000000000000e+04
4.482900000000000000e+04
4.483000000000000000e+04
4.483100000000000000e+04
4.483200000000000000e+04
4.483300000000000000e+04
4.483400000000000000e+04
4.483500000000000000e+04
4.483600000000000000e+04
4.483700000000000000e+04
4.483800000000000000e+04
4.483900000000000000e+04
4.484000000000000000e+04
4.484100000000000000e+04
4.484200000000000000e+04
4.484300000000000000e+04
4.484400000000000000e+04
4.484500000000000000e+04
4.484600000000000000e+04
4.484700000000000000e+04
4.484800000000000000e+04
4.484900000000000000e+04
4.485000000000000000e+04
4.485100000000000000e+04
4.485200000000000000e+04
4.485300000000000000e+04
4.485400000000000000e+04
4.485500000000000000e+04
4.485600000000000000e+04
4.485700000000000000e+04
4.485800000000000000e+04
4.485900000000000000e+04
4.486000000000000000e+04
4.486100000000000000e+04
4.486200000000000000e+04
4.486300000000000000e+04
4.486400000000000000e+04
4.486500000000000000e+04
4.486600000000000000e+04
4.486700000000000000e+04
4.486800000000000000e+04
4.486900000000000000e+04
4.487000000000000000e+04
4.487100000000000000e+04
4.487200000000000000e+04
4.487300000000000000e+04
4.487400000000000000e+04
4.487500000000000000e+04
4.487600000000000000e+04
4.487700000000000000e+04
4.518300000000000000e+04
4.518400000000000000e+04
4.518500000000000000e+04
4.518600000000000000e+04
4.518700000000000000e+04
4.518800000000000000e+04
4.518900000000000000e+04
4.519000000000000000e+04
4.519100000000000000e+04
4.519200000000000000e+04
4.519300000000000000e+04
4.519400000000000000e+04
4.519500000000000000e+04
4.519600000000000000e+04
4.519700000000000000e+04
4.519800000000000000e+04
4.519900000000000000e+04
4.520000000000000000e+04
4.520100000000000000e+04
4.520200000000000000e+04
4.520300000000000000e+04
4.520400000000000000e+04
4.520500000000000000e+04
4.520600000000000000e+04
4.520700000000000000e+04
4.520800000000000000e+04
4.520900000000000000e+04
4.521000000000000000e+04
4.521100000000000000e+04
4.521200000000000000e+04
4.521300000000000000e+04
4.521400000000000000e+04
4.521500000000000000e+04
4.521600000000000000e+04
4.521700000000000000e+04
4.521800000000000000e+04
4.521900000000000000e+04
4.522000000000000000e+04
4.522100000000000000e+04
4.522200000000000000e+04
4.522300000000000000e+04
4.522400000000000000e+04
4.522500000000000000e+04
4.522600000000000000e+04
4.522700000000000000e+04
4.522800000000000000e+04
4.522900000000000000e+04
4.523000000000000000e+04
4.523100000000000000e+04
4.523200000000000000e+04
4.523300000000000000e+04
4.523400000000000000e+04
4.523500000000000000e+04
4.523600000000000000e+04
4.523700000000000000e+04
4.523800000000000000e+04
4.523900000000000000e+04
4.524000000000000000e+04
4.524100000000000000e+04
4.524200000000000000e+04
4.524300000000000000e+04
4.524400000000000000e+04
4.524500000000000000e+04
4.524600000000000000e+04
4.524700000000000000e+04
4.524800000000000000e+04
4.524900000000000000e+04
4.525000000000000000e+04
4.525100000000000000e+04
4.525200000000000000e+04
4.525300000000000000e+04
4.525400000000000000e+04
4.525500000000000000e+04
4.525600000000000000e+04
4.525700000000000000e+04
4.525800000000000000e+04
4.525900000000000000e+04
4.526000000000000000e+04
4.526100000000000000e+04
4.526200000000000000e+04
4.526300000000000000e+04
4.526400000000000000e+04
4.526500000000000000e+04
4.526600000000000000e+04
4.526700000000000000e+04
4.526800000000000000e+04
4.526900000000000000e+04
4.527000000000000000e+04
4.527100000000000000e+04
4.527200000000000000e+04
4.527300000000000000e+04
4.527400000000000000e+04
4.527500000000000000e+04
4.527600000000000000e+04
4.527700000000000000e+04
4.527800000000000000e+04
4.527900000000000000e+04
4.528000000000000000e+04
4.528100000000000000e+04
4.528200000000000000e+04
4.528300000000000000e+04
4.528400000000000000e+04
4.528500000000000000e+04
4.528600000000000000e+04
4.528700000000000000e+04
4.528800000000000000e+04
4.528900000000000000e+04
4.529000000000000000e+04
4.529100000000000000e+04
4.529200000000000000e+04
4.529300000000000000e+04
4.529400000000000000e+04
4.529500000000000000e+04
4.529600000000000000e+04
4.529700000000000000e+04
4.529800000000000000e+04
4.529900000000000000e+04
4.530000000000000000e+04
4.530100000000000000e+04
4.530200000000000000e+04
4.530300000000000000e+04
4.530400000000000000e+04
4.530500000000000000e+04
4.530600000000000000e+04
4.530700000000000000e+04
4.530800000000000000e+04
4.530900000000000000e+04
4.531000000000000000e+04
4.531100000000000000e+04
4.531200000000000000e+04
4.531300000000000000e+04
4.531400000000000000e+04
4.531500000000000000e+04
4.531600000000000000e+04
4.531700000000000000e+04
4.531800000000000000e+04
4.531900000000000000e+04
4.532000000000000000e+04
4.532100000000000000e+04
4.532200000000000000e+04
4.532300000000000000e+04
4.532400000000000000e+04
4.532500000000000000e+04
4.532600000000000000e+04
4.532700000000000000e+04
4.532800000000000000e+04
4.532900000000000000e+04
4.533000000000000000e+04
4.533100000000000000e+04
4.533200000000000000e+04
4.533300000000000000e+04
4.533400000000000000e+04
4.533500000000000000e+04
4.533600000000000000e+04
4.533700000000000000e+04
4.533800000000000000e+04
4.533900000000000000e+04
4.534000000000000000e+04
4.534100000000000000e+04
4.534200000000000000e+04
4.534300000000000000e+04
4.534400000000000000e+04
4.534500000000000000e+04
4.534600000000000000e+04
4.534700000000000000e+04
4.534800000000000000e+04
4.534900000000000000e+04
4.535000000000000000e+04
4.535100000000000000e+04
4.535200000000000000e+04
4.535300000000000000e+04
4.535400000000000000e+04
4.535500000000000000e+04
4.535600000000000000e+04
4.535700000000000000e+04
4.535800000000000000e+04
4.535900000000000000e+04
4.536000000000000000e+04
4.536100000000000000e+04
4.536200000000000000e+04
4.536300000000000000e+04
4.536400000000000000e+04
4.536500000000000000e+04
4.536600000000000000e+04
4.536700000000000000e+04
4.536800000000000000e+04
4.536900000000000000e+04
4.537000000000000000e+04
4.537100000000000000e+04
4.537200000000000000e+04
4.537300000000000000e+04
4.537400000000000000e+04
4.537500000000000000e+04
4.537600000000000000e+04
4.537700000000000000e+04
4.537800000000000000e+04
4.537900000000000000e+04
4.538000000000000000e+04
4.584500000000000000e+04
4.584600000000000000e+04
4.584700000000000000e+04
4.584800000000000000e+04
4.584900000000000000e+04
4.585000000000000000e+04
4.585100000000000000e+04
4.585200000000000000e+04
4.585300000000000000e+04
4.585400000000000000e+04
4.585500000000000000e+04
4.585600000000000000e+04
4.585700000000000000e+04
4.585800000000000000e+04
4.585900000000000000e+04
4.586000000000000000e+04
4.586100000000000000e+04
4.586200000000000000e+04
4.586300000000000000e+04
4.586400000000000000e+04
4.586500000000000000e+04
4.586600000000000000e+04
4.586700000000000000e+04
4.614300000000000000e+04
4.614400000000000000e+04
4.614500000000000000e+04
4.614600000000000000e+04
4.614700000000000000e+04
4.614800000000000000e+04
4.614900000000000000e+04
4.615000000000000000e+04
4.615100000000000000e+04
4.615200000000000000e+04
4.615300000000000000e+04
4.615400000000000000e+04
4.615500000000000000e+04
4.615600000000000000e+04
4.615700000000000000e+04
4.615800000000000000e+04
4.615900000000000000e+04
4.616000000000000000e+04
4.616100000000000000e+04
4.616200000000000000e+04
4.616300000000000000e+04
4.616400000000000000e+04
4.616500000000000000e+04
4.616600000000000000e+04
4.616700000000000000e+04
4.616800000000000000e+04
4.616900000000000000e+04
4.617000000000000000e+04
4.617100000000000000e+04
4.617200000000000000e+04
4.617300000000000000e+04
4.617400000000000000e+04
4.617500000000000000e+04
4.617600000000000000e+04
4.617700000000000000e+04
4.617800000000000000e+04
4.617900000000000000e+04
4.618000000000000000e+04
4.618100000000000000e+04
4.618200000000000000e+04
4.618300000000000000e+04
4.618400000000000000e+04
4.618500000000000000e+04
4.618600000000000000e+04
4.618700000000000000e+04
4.618800000000000000e+04
4.618900000000000000e+04
4.619000000000000000e+04
4.619100000000000000e+04
4.619200000000000000e+04
4.619300000000000000e+04
4.619400000000000000e+04
4.619500000000000000e+04
4.619600000000000000e+04
4.619700000000000000e+04
4.619800000000000000e+04
4.619900000000000000e+04
4.620000000000000000e+04
4.620100000000000000e+04
4.628300000000000000e+04
4.628400000000000000e+04
4.628500000000000000e+04
4.628600000000000000e+04
4.628700000000000000e+04
4.628800000000000000e+04
4.628900000000000000e+04
4.629000000000000000e+04
4.629100000000000000e+04
4.629200000000000000e+04
4.629300000000000000e+04
4.629400000000000000e+04
4.629500000000000000e+04
4.629600000000000000e+04
4.629700000000000000e+04
4.629800000000000000e+04
4.629900000000000000e+04
4.630000000000000000e+04
4.630100000000000000e+04
4.630200000000000000e+04
4.630300000000000000e+04
4.630400000000000000e+04
4.630500000000000000e+04
4.630600000000000000e+04
4.630700000000000000e+04
4.630800000000000000e+04
4.630900000000000000e+04
4.631000000000000000e+04
4.631100000000000000e+04
4.631200000000000000e+04
4.631300000000000000e+04
4.641900000000000000e+04
4.642000000000000000e+04
4.642100000000000000e+04
4.642200000000000000e+04
4.642300000000000000e+04
4.642400000000000000e+04
4.642500000000000000e+04
4.642600000000000000e+04
4.642700000000000000e+04
4.642800000000000000e+04
4.642900000000000000e+04
4.643000000000000000e+04
4.643100000000000000e+04
4.643200000000000000e+04
4.643300000000000000e+04
4.643400000000000000e+04
4.643500000000000000e+04
4.643600000000000000e+04
4.643700000000000000e+04
4.643800000000000000e+04
4.643900000000000000e+04
4.644000000000000000e+04
4.644100000000000000e+04
4.644200000000000000e+04
4.644300000000000000e+04
4.644400000000000000e+04
4.644500000000000000e+04
4.644600000000000000e+04
4.644700000000000000e+04
4.644800000000000000e+04
4.644900000000000000e+04
4.645000000000000000e+04
4.645100000000000000e+04
4.645200000000000000e+04
4.645300000000000000e+04
4.645400000000000000e+04
4.645500000000000000e+04
4.645600000000000000e+04
4.645700000000000000e+04
4.645800000000000000e+04
4.645900000000000000e+04
4.646000000000000000e+04
4.646100000000000000e+04
4.646200000000000000e+04
4.646300000000000000e+04
4.646400000000000000e+04
4.646500000000000000e+04
4.646600000000000000e+04
4.646700000000000000e+04
4.646800000000000000e+04
4.646900000000000000e+04
4.647000000000000000e+04
4.647100000000000000e+04
4.647200000000000000e+04
4.647300000000000000e+04
4.647400000000000000e+04
4.647500000000000000e+04
4.647600000000000000e+04
4.647700000000000000e+04
4.647800000000000000e+04
4.647900000000000000e+04
4.648000000000000000e+04
4.648100000000000000e+04
4.648200000000000000e+04
4.648300000000000000e+04
4.648400000000000000e+04
4.648500000000000000e+04
4.648600000000000000e+04
4.648700000000000000e+04
4.648800000000000000e+04
4.648900000000000000e+04
4.649000000000000000e+04
4.649100000000000000e+04
4.649200000000000000e+04
4.649300000000000000e+04
4.649400000000000000e+04
4.649500000000000000e+04
4.649600000000000000e+04
4.649700000000000000e+04
4.649800000000000000e+04
4.649900000000000000e+04
4.650000000000000000e+04
4.650100000000000000e+04
4.650200000000000000e+04
4.650300000000000000e+04
4.650400000000000000e+04
4.650500000000000000e+04
4.650600000000000000e+04
4.650700000000000000e+04
4.650800000000000000e+04
4.650900000000000000e+04
4.651000000000000000e+04
4.651100000000000000e+04
4.651200000000000000e+04
4.651300000000000000e+04
4.651400000000000000e+04
4.651500000000000000e+04
4.651600000000000000e+04
4.651700000000000000e+04
4.651800000000000000e+04
4.651900000000000000e+04
4.652000000000000000e+04
4.652100000000000000e+04
4.652200000000000000e+04
4.652300000000000000e+04
4.652400000000000000e+04
4.652500000000000000e+04
4.652600000000000000e+04
4.652700000000000000e+04
4.652800000000000000e+04
4.652900000000000000e+04
4.653000000000000000e+04
4.653100000000000000e+04
4.653200000000000000e+04
4.653300000000000000e+04
4.653400000000000000e+04
4.653500000000000000e+04
4.653600000000000000e+04
4.653700000000000000e+04
4.653800000000000000e+04
4.653900000000000000e+04
4.654000000000000000e+04
4.654100000000000000e+04
4.654200000000000000e+04
4.654300000000000000e+04
4.654400000000000000e+04
4.654500000000000000e+04
4.654600000000000000e+04
4.654700000000000000e+04
4.654800000000000000e+04
4.654900000000000000e+04
4.655000000000000000e+04
4.655100000000000000e+04
4.655200000000000000e+04
4.655300000000000000e+04
4.655400000000000000e+04
4.655500000000000000e+04
4.655600000000000000e+04
4.655700000000000000e+04
4.655800000000000000e+04
4.655900000000000000e+04
4.656000000000000000e+04
4.656100000000000000e+04
4.656200000000000000e+04
4.656300000000000000e+04
4.656400000000000000e+04
4.656500000000000000e+04
4.656600000000000000e+04
4.656700000000000000e+04
4.656800000000000000e+04
4.656900000000000000e+04
4.657000000000000000e+04
4.657100000000000000e+04
4.657200000000000000e+04
4.657300000000000000e+04
4.657400000000000000e+04
4.657500000000000000e+04
4.657600000000000000e+04
4.657700000000000000e+04
4.657800000000000000e+04
4.657900000000000000e+04
4.658000000000000000e+04
4.658100000000000000e+04
4.658200000000000000e+04
4.658300000000000000e+04
4.658400000000000000e+04
4.658500000000000000e+04
4.658600000000000000e+04
4.658700000000000000e+04
4.658800000000000000e+04
4.658900000000000000e+04
4.659000000000000000e+04
4.659100000000000000e+04
4.659200000000000000e+04
4.659300000000000000e+04
4.659400000000000000e+04
4.659500000000000000e+04
4.659600000000000000e+04
4.659700000000000000e+04
4.659800000000000000e+04
4.659900000000000000e+04
4.660000000000000000e+04
4.660100000000000000e+04
4.660200000000000000e+04
4.660300000000000000e+04
4.660400000000000000e+04
4.660500000000000000e+04
4.660600000000000000e+04
4.660700000000000000e+04
4.660800000000000000e+04
4.660900000000000000e+04
4.661000000000000000e+04
4.661100000000000000e+04
4.661200000000000000e+04
4.661300000000000000e+04
4.661400000000000000e+04
4.661500000000000000e+04
4.661600000000000000e+04
4.661700000000000000e+04
4.661800000000000000e+04
4.661900000000000000e+04
4.662000000000000000e+04
4.662100000000000000e+04
4.662200000000000000e+04
4.662300000000000000e+04
4.662400000000000000e+04
4.662500000000000000e+04
4.662600000000000000e+04
4.662700000000000000e+04
4.662800000000000000e+04
4.662900000000000000e+04
4.663000000000000000e+04
4.663100000000000000e+04
4.663200000000000000e+04
4.663300000000000000e+04
4.663400000000000000e+04
4.663500000000000000e+04
4.663600000000000000e+04
4.663700000000000000e+04
4.663800000000000000e+04
4.663900000000000000e+04
4.664000000000000000e+04
4.664100000000000000e+04
4.664200000000000000e+04
4.664300000000000000e+04
4.664400000000000000e+04
4.664500000000000000e+04
4.664600000000000000e+04
4.664700000000000000e+04
4.664800000000000000e+04
4.664900000000000000e+04
4.665000000000000000e+04
4.665100000000000000e+04
4.665200000000000000e+04
4.665300000000000000e+04
4.665400000000000000e+04
4.665500000000000000e+04
4.665600000000000000e+04
4.665700000000000000e+04
4.665800000000000000e+04
4.665900000000000000e+04
4.666000000000000000e+04
4.666100000000000000e+04
4.666200000000000000e+04
4.666300000000000000e+04
4.666400000000000000e+04
4.666500000000000000e+04
4.666600000000000000e+04
4.666700000000000000e+04
4.666800000000000000e+04
4.666900000000000000e+04
4.667000000000000000e+04
4.667100000000000000e+04
4.667200000000000000e+04
4.667300000000000000e+04
4.667400000000000000e+04
4.667500000000000000e+04
4.667600000000000000e+04
4.667700000000000000e+04
4.667800000000000000e+04
4.667900000000000000e+04
4.668000000000000000e+04
4.668100000000000000e+04
4.668200000000000000e+04
4.668300000000000000e+04
4.668400000000000000e+04
4.668500000000000000e+04
4.668600000000000000e+04
4.668700000000000000e+04
4.668800000000000000e+04
4.668900000000000000e+04
4.669000000000000000e+04
4.669100000000000000e+04
4.669200000000000000e+04
4.669300000000000000e+04
4.669400000000000000e+04
4.669500000000000000e+04
4.669600000000000000e+04
4.669700000000000000e+04
4.669800000000000000e+04
4.669900000000000000e+04
4.670000000000000000e+04
4.670100000000000000e+04
4.670200000000000000e+04
4.670300000000000000e+04
4.670400000000000000e+04
4.670500000000000000e+04
4.670600000000000000e+04
4.670700000000000000e+04
4.670800000000000000e+04
4.670900000000000000e+04
4.671000000000000000e+04
4.671100000000000000e+04
4.671200000000000000e+04
4.671300000000000000e+04
4.671400000000000000e+04
4.671500000000000000e+04
4.671600000000000000e+04
4.671700000000000000e+04
4.671800000000000000e+04
4.671900000000000000e+04
4.672000000000000000e+04
4.672100000000000000e+04
4.672200000000000000e+04
4.672300000000000000e+04
4.672400000000000000e+04
4.672500000000000000e+04
4.672600000000000000e+04
4.672700000000000000e+04
4.672800000000000000e+04
4.672900000000000000e+04
4.673000000000000000e+04
4.673100000000000000e+04
4.673200000000000000e+04
4.673300000000000000e+04
4.673400000000000000e+04
4.673500000000000000e+04
4.673600000000000000e+04
4.673700000000000000e+04
4.673800000000000000e+04
4.673900000000000000e+04
4.674000000000000000e+04
4.674100000000000000e+04
4.674200000000000000e+04
4.674300000000000000e+04
4.674400000000000000e+04
4.930800000000000000e+04
4.930900000000000000e+04
4.931000000000000000e+04
4.931100000000000000e+04
4.931200000000000000e+04
4.931300000000000000e+04
4.931400000000000000e+04
4.931500000000000000e+04
4.931600000000000000e+04
4.931700000000000000e+04
4.931800000000000000e+04
4.931900000000000000e+04
4.945200000000000000e+04
4.945300000000000000e+04
4.945400000000000000e+04
4.945500000000000000e+04
4.945600000000000000e+04
4.945700000000000000e+04
4.945800000000000000e+04
4.945900000000000000e+04
4.946000000000000000e+04
4.946100000000000000e+04
4.946200000000000000e+04
4.946300000000000000e+04
4.946400000000000000e+04
4.946500000000000000e+04
4.946600000000000000e+04
4.946700000000000000e+04
4.946800000000000000e+04
4.946900000000000000e+04
4.947000000000000000e+04
4.947100000000000000e+04
4.947200000000000000e+04
4.947300000000000000e+04
4.947400000000000000e+04
4.947500000000000000e+04
4.947600000000000000e+04
4.947700000000000000e+04
4.947800000000000000e+04
4.947900000000000000e+04
4.948000000000000000e+04
4.948100000000000000e+04
4.948200000000000000e+04
4.948300000000000000e+04
4.948400000000000000e+04
4.948500000000000000e+04
4.948600000000000000e+04
4.948700000000000000e+04
4.948800000000000000e+04
4.949100000000000000e+04
4.949200000000000000e+04
4.949400000000000000e+04
4.949500000000000000e+04
4.949600000000000000e+04
4.949700000000000000e+04
4.949800000000000000e+04
4.949900000000000000e+04
4.950000000000000000e+04
4.950100000000000000e+04
4.950200000000000000e+04
4.950300000000000000e+04
4.950400000000000000e+04
4.950500000000000000e+04
4.950600000000000000e+04
4.950700000000000000e+04
4.950800000000000000e+04
4.954200000000000000e+04
4.954300000000000000e+04
4.954400000000000000e+04
4.954500000000000000e+04
4.954600000000000000e+04
4.954700000000000000e+04
4.954800000000000000e+04
4.954900000000000000e+04
4.955000000000000000e+04
4.959700000000000000e+04
4.959800000000000000e+04
4.959900000000000000e+04
4.960000000000000000e+04
4.960100000000000000e+04
4.960200000000000000e+04
4.960300000000000000e+04
4.960400000000000000e+04
4.960500000000000000e+04
4.960600000000000000e+04
4.960700000000000000e+04
4.960800000000000000e+04
4.960900000000000000e+04
4.961000000000000000e+04
4.961100000000000000e+04
4.961200000000000000e+04
4.961300000000000000e+04
4.961400000000000000e+04
4.961500000000000000e+04
4.961600000000000000e+04
4.961700000000000000e+04
4.961800000000000000e+04
4.961900000000000000e+04
4.962000000000000000e+04
4.962100000000000000e+04
4.962200000000000000e+04
4.962300000000000000e+04
4.969400000000000000e+04
4.969500000000000000e+04
4.969600000000000000e+04
4.969700000000000000e+04
4.969800000000000000e+04
4.969900000000000000e+04
4.970000000000000000e+04
4.970100000000000000e+04
4.970200000000000000e+04
4.972700000000000000e+04
4.972800000000000000e+04
4.972900000000000000e+04
4.973000000000000000e+04
4.973100000000000000e+04
4.973200000000000000e+04
4.973300000000000000e+04
4.973400000000000000e+04
4.973500000000000000e+04
4.973600000000000000e+04
4.973700000000000000e+04
4.973800000000000000e+04
4.973900000000000000e+04
4.974000000000000000e+04
4.974100000000000000e+04
4.974200000000000000e+04
4.974300000000000000e+04
4.974400000000000000e+04
4.974500000000000000e+04
4.974600000000000000e+04
4.974700000000000000e+04
4.974800000000000000e+04
4.974900000000000000e+04
4.975000000000000000e+04
4.975100000000000000e+04
4.975200000000000000e+04
4.975300000000000000e+04
4.975400000000000000e+04
4.975500000000000000e+04
4.975600000000000000e+04
4.975700000000000000e+04
4.975800000000000000e+04
4.975900000000000000e+04
4.976000000000000000e+04
4.976100000000000000e+04
4.976200000000000000e+04
4.976300000000000000e+04
4.976400000000000000e+04
4.976500000000000000e+04
4.976600000000000000e+04
4.976700000000000000e+04
4.976800000000000000e+04
4.976900000000000000e+04
4.977000000000000000e+04
4.977100000000000000e+04
4.977200000000000000e+04
4.977300000000000000e+04
4.977400000000000000e+04
4.977500000000000000e+04
4.977600000000000000e+04
4.977700000000000000e+04
4.977800000000000000e+04
4.977900000000000000e+04
4.978000000000000000e+04
5.189200000000000000e+04
5.189300000000000000e+04
5.189400000000000000e+04
5.189500000000000000e+04
5.189600000000000000e+04
5.189700000000000000e+04
5.189800000000000000e+04
5.189900000000000000e+04
5.190000000000000000e+04
5.190100000000000000e+04
5.190200000000000000e+04
5.190300000000000000e+04
5.190400000000000000e+04
5.190500000000000000e+04
5.190600000000000000e+04
5.190700000000000000e+04
5.190800000000000000e+04
5.190900000000000000e+04
5.191000000000000000e+04
5.191100000000000000e+04
5.191200000000000000e+04
5.191300000000000000e+04
5.191400000000000000e+04
5.191500000000000000e+04
5.191600000000000000e+04
5.191700000000000000e+04
5.191800000000000000e+04
5.191900000000000000e+04
5.192000000000000000e+04
5.192100000000000000e+04
5.192200000000000000e+04
5.192300000000000000e+04
5.192400000000000000e+04
5.192500000000000000e+04
5.192600000000000000e+04
5.192700000000000000e+04
5.192800000000000000e+04
5.192900000000000000e+04
5.193000000000000000e+04
5.193100000000000000e+04
5.193200000000000000e+04
5.193300000000000000e+04
5.193400000000000000e+04
5.193500000000000000e+04
5.193600000000000000e+04
5.193700000000000000e+04
5.193800000000000000e+04
5.193900000000000000e+04
5.194000000000000000e+04
5.194100000000000000e+04
5.194200000000000000e+04
5.194300000000000000e+04
5.194400000000000000e+04
5.194500000000000000e+04
5.194600000000000000e+04
5.194700000000000000e+04
5.194800000000000000e+04
5.194900000000000000e+04
5.195000000000000000e+04
5.195100000000000000e+04
5.195200000000000000e+04
5.195300000000000000e+04
5.195400000000000000e+04
5.195500000000000000e+04
5.195600000000000000e+04
5.195700000000000000e+04
5.195800000000000000e+04
5.195900000000000000e+04
5.196000000000000000e+04
5.196100000000000000e+04
5.196200000000000000e+04
5.196300000000000000e+04
5.196400000000000000e+04
5.196500000000000000e+04
5.196600000000000000e+04
5.196700000000000000e+04
5.196800000000000000e+04
5.196900000000000000e+04
5.197000000000000000e+04
5.197100000000000000e+04
5.197200000000000000e+04
5.197300000000000000e+04
5.197400000000000000e+04
5.197500000000000000e+04
5.197600000000000000e+04
5.197700000000000000e+04
5.197800000000000000e+04
5.197900000000000000e+04
5.198000000000000000e+04
5.198100000000000000e+04
5.198200000000000000e+04
5.198300000000000000e+04
5.198400000000000000e+04
5.198500000000000000e+04
5.198600000000000000e+04
5.198700000000000000e+04
5.198800000000000000e+04
5.198900000000000000e+04
5.199000000000000000e+04
5.199100000000000000e+04
5.199200000000000000e+04
5.199300000000000000e+04
5.199400000000000000e+04
5.199500000000000000e+04
5.199600000000000000e+04
5.199700000000000000e+04
5.199800000000000000e+04
5.199900000000000000e+04
5.200000000000000000e+04
5.200100000000000000e+04
5.200200000000000000e+04
5.200300000000000000e+04
5.200400000000000000e+04
5.200500000000000000e+04
5.200600000000000000e+04
5.200700000000000000e+04
5.200800000000000000e+04
5.200900000000000000e+04
5.201000000000000000e+04
5.201100000000000000e+04
5.201200000000000000e+04
5.201300000000000000e+04
5.201400000000000000e+04
5.201500000000000000e+04
5.201600000000000000e+04
5.201700000000000000e+04
5.201800000000000000e+04
5.201900000000000000e+04
5.202000000000000000e+04
5.202100000000000000e+04
5.202200000000000000e+04
5.202300000000000000e+04
5.202400000000000000e+04
5.202500000000000000e+04
5.202600000000000000e+04
5.202700000000000000e+04
5.202800000000000000e+04
5.202900000000000000e+04
5.203000000000000000e+04
5.203100000000000000e+04
5.203200000000000000e+04
5.203300000000000000e+04
5.203400000000000000e+04
5.203500000000000000e+04
5.203600000000000000e+04
5.203700000000000000e+04
5.203800000000000000e+04
5.203900000000000000e+04
5.204000000000000000e+04
5.204100000000000000e+04
5.204200000000000000e+04
5.204300000000000000e+04
5.204400000000000000e+04
5.204500000000000000e+04
5.204600000000000000e+04
5.204700000000000000e+04
5.204800000000000000e+04
5.204900000000000000e+04
5.205000000000000000e+04
5.205100000000000000e+04
5.205200000000000000e+04
5.205300000000000000e+04
5.205400000000000000e+04
5.205500000000000000e+04
5.205600000000000000e+04
5.205700000000000000e+04
5.205800000000000000e+04
5.205900000000000000e+04
5.206000000000000000e+04
5.206100000000000000e+04
5.206200000000000000e+04
5.206300000000000000e+04
5.206400000000000000e+04
5.206500000000000000e+04
5.206600000000000000e+04
5.206700000000000000e+04
5.206800000000000000e+04
5.206900000000000000e+04
5.207000000000000000e+04
5.207100000000000000e+04
5.207200000000000000e+04
5.207300000000000000e+04
5.207400000000000000e+04
5.207500000000000000e+04
5.207600000000000000e+04
5.207700000000000000e+04
5.207800000000000000e+04
5.207900000000000000e+04
5.208000000000000000e+04
5.208100000000000000e+04
5.208200000000000000e+04
5.208300000000000000e+04
5.208400000000000000e+04
5.208500000000000000e+04
5.208600000000000000e+04
5.208700000000000000e+04
5.208800000000000000e+04
5.208900000000000000e+04
5.209000000000000000e+04
5.209100000000000000e+04
5.209200000000000000e+04
5.209300000000000000e+04
5.209400000000000000e+04
5.209500000000000000e+04
5.209600000000000000e+04
5.209700000000000000e+04
5.209800000000000000e+04
5.209900000000000000e+04
5.210000000000000000e+04
5.210100000000000000e+04
5.210200000000000000e+04
5.210300000000000000e+04
5.210400000000000000e+04
5.210800000000000000e+04
5.210900000000000000e+04
5.211000000000000000e+04
5.211100000000000000e+04
5.211200000000000000e+04
5.211300000000000000e+04
5.211400000000000000e+04
5.211500000000000000e+04
5.211600000000000000e+04
5.211700000000000000e+04
5.211800000000000000e+04
5.211900000000000000e+04
5.212000000000000000e+04
5.212200000000000000e+04
5.212400000000000000e+04
5.212500000000000000e+04
5.212600000000000000e+04
5.212700000000000000e+04
5.212800000000000000e+04
5.212900000000000000e+04
5.213300000000000000e+04
5.213400000000000000e+04
5.213500000000000000e+04
5.213600000000000000e+04
5.213700000000000000e+04
5.213800000000000000e+04
5.213900000000000000e+04
5.214000000000000000e+04
5.214100000000000000e+04
5.214200000000000000e+04
5.214400000000000000e+04
5.214500000000000000e+04
5.214600000000000000e+04
5.214700000000000000e+04
5.214800000000000000e+04
5.214900000000000000e+04
5.215300000000000000e+04
5.215400000000000000e+04
5.215500000000000000e+04
5.215600000000000000e+04
5.215700000000000000e+04
5.215800000000000000e+04
5.215900000000000000e+04
5.216000000000000000e+04
5.216100000000000000e+04
5.216200000000000000e+04
5.216300000000000000e+04
5.216400000000000000e+04
5.216500000000000000e+04
5.216700000000000000e+04
5.216900000000000000e+04
5.217000000000000000e+04
5.217100000000000000e+04
5.217200000000000000e+04
5.217300000000000000e+04
5.217400000000000000e+04
5.217500000000000000e+04
5.217600000000000000e+04
5.217700000000000000e+04
5.217800000000000000e+04
5.217900000000000000e+04
5.218000000000000000e+04
5.218100000000000000e+04
5.218200000000000000e+04
5.218300000000000000e+04
5.218400000000000000e+04
5.218500000000000000e+04
5.218600000000000000e+04
5.218700000000000000e+04
5.218800000000000000e+04
5.218900000000000000e+04
5.219000000000000000e+04
5.219100000000000000e+04
5.219200000000000000e+04
5.219300000000000000e+04
5.219400000000000000e+04
5.219500000000000000e+04
5.219600000000000000e+04
5.219700000000000000e+04
5.219800000000000000e+04
5.219900000000000000e+04
5.220000000000000000e+04
5.220100000000000000e+04
5.220200000000000000e+04
5.220300000000000000e+04
5.220400000000000000e+04
5.220500000000000000e+04
5.220600000000000000e+04
5.220700000000000000e+04
5.220800000000000000e+04
5.220900000000000000e+04
5.221000000000000000e+04
5.221100000000000000e+04
5.221200000000000000e+04
5.221300000000000000e+04
5.221400000000000000e+04
5.221500000000000000e+04
5.221600000000000000e+04
5.221700000000000000e+04
5.221800000000000000e+04
5.221900000000000000e+04
5.222000000000000000e+04
5.222100000000000000e+04
5.222200000000000000e+04
5.222300000000000000e+04
5.222400000000000000e+04
5.222500000000000000e+04
5.222600000000000000e+04
5.222700000000000000e+04
5.222800000000000000e+04
5.222900000000000000e+04
5.223000000000000000e+04
5.223100000000000000e+04
5.223200000000000000e+04
5.223300000000000000e+04
5.223400000000000000e+04
5.223500000000000000e+04
5.223600000000000000e+04
5.223700000000000000e+04
5.223800000000000000e+04
5.223900000000000000e+04
5.224000000000000000e+04
5.224100000000000000e+04
5.224200000000000000e+04
5.224300000000000000e+04
5.224400000000000000e+04
5.224500000000000000e+04
5.224600000000000000e+04
5.224700000000000000e+04
5.224800000000000000e+04
5.224900000000000000e+04
5.225000000000000000e+04
5.225100000000000000e+04
5.225200000000000000e+04
5.225300000000000000e+04
5.225400000000000000e+04
5.225500000000000000e+04
5.225600000000000000e+04
5.225700000000000000e+04
5.225800000000000000e+04
5.225900000000000000e+04
5.226000000000000000e+04
5.226100000000000000e+04
5.226200000000000000e+04
5.226300000000000000e+04
5.226400000000000000e+04
5.226500000000000000e+04
5.226600000000000000e+04
5.226700000000000000e+04
5.226800000000000000e+04
5.226900000000000000e+04
5.227000000000000000e+04
5.227100000000000000e+04
5.227200000000000000e+04
5.227300000000000000e+04
5.227400000000000000e+04
5.227500000000000000e+04
5.227600000000000000e+04
5.227700000000000000e+04
5.227800000000000000e+04
5.227900000000000000e+04
5.228000000000000000e+04
5.228100000000000000e+04
5.228200000000000000e+04
5.228300000000000000e+04
5.228400000000000000e+04
5.228500000000000000e+04
5.228600000000000000e+04
5.228700000000000000e+04
5.228800000000000000e+04
5.228900000000000000e+04
5.229000000000000000e+04
5.229100000000000000e+04
5.229200000000000000e+04
5.229300000000000000e+04
5.229400000000000000e+04
5.229500000000000000e+04
5.229600000000000000e+04
5.229700000000000000e+04
5.229800000000000000e+04
5.230200000000000000e+04
5.230300000000000000e+04
5.230400000000000000e+04
5.230500000000000000e+04
5.230600000000000000e+04
5.230700000000000000e+04
5.230800000000000000e+04
5.230900000000000000e+04
5.231100000000000000e+04
5.231300000000000000e+04
5.231400000000000000e+04
5.231500000000000000e+04
5.231600000000000000e+04
5.231700000000000000e+04
5.231800000000000000e+04
5.231900000000000000e+04
5.232000000000000000e+04
5.232100000000000000e+04
5.232200000000000000e+04
5.232300000000000000e+04
5.232400000000000000e+04
5.232500000000000000e+04
5.232600000000000000e+04
5.232700000000000000e+04
5.232800000000000000e+04
5.232900000000000000e+04
5.233000000000000000e+04
5.233100000000000000e+04
5.233200000000000000e+04
5.233300000000000000e+04
5.233400000000000000e+04
5.233500000000000000e+04
5.233600000000000000e+04
5.233700000000000000e+04
5.233800000000000000e+04
5.233900000000000000e+04
5.234000000000000000e+04
5.234100000000000000e+04
5.234200000000000000e+04
5.234300000000000000e+04
5.234400000000000000e+04
5.234500000000000000e+04
5.234600000000000000e+04
5.234700000000000000e+04
5.234800000000000000e+04
5.234900000000000000e+04
5.235000000000000000e+04
5.235100000000000000e+04
5.235200000000000000e+04
5.235300000000000000e+04
5.235400000000000000e+04
5.235500000000000000e+04
5.235600000000000000e+04
5.235700000000000000e+04
5.235800000000000000e+04
5.254100000000000000e+04
5.254200000000000000e+04
5.254300000000000000e+04
5.254400000000000000e+04
5.254500000000000000e+04
5.254600000000000000e+04
5.254700000000000000e+04
5.254800000000000000e+04
5.254900000000000000e+04
5.255000000000000000e+04
5.255100000000000000e+04
5.255200000000000000e+04
5.255300000000000000e+04
5.255400000000000000e+04
5.255500000000000000e+04
5.255600000000000000e+04
5.255700000000000000e+04
5.255800000000000000e+04
5.255900000000000000e+04
5.256000000000000000e+04
5.256100000000000000e+04
5.256200000000000000e+04
5.256300000000000000e+04
5.256400000000000000e+04
5.256500000000000000e+04
5.256600000000000000e+04
5.256700000000000000e+04
5.256800000000000000e+04
5.256900000000000000e+04
5.257000000000000000e+04
5.257100000000000000e+04
5.257200000000000000e+04
5.257300000000000000e+04
5.257400000000000000e+04
5.257500000000000000e+04
5.257600000000000000e+04
5.257700000000000000e+04
5.257800000000000000e+04
5.257900000000000000e+04
5.258000000000000000e+04
5.258100000000000000e+04
5.258200000000000000e+04
5.258300000000000000e+04
5.258400000000000000e+04
5.258500000000000000e+04
5.258600000000000000e+04
5.258700000000000000e+04
5.258800000000000000e+04
5.258900000000000000e+04
5.259000000000000000e+04
5.259100000000000000e+04
5.259200000000000000e+04
5.259300000000000000e+04
5.259400000000000000e+04
5.259500000000000000e+04
5.259600000000000000e+04
5.259700000000000000e+04
5.259800000000000000e+04
5.259900000000000000e+04
5.260000000000000000e+04
5.260100000000000000e+04
5.260200000000000000e+04
5.260300000000000000e+04
5.260400000000000000e+04
5.260500000000000000e+04
5.260600000000000000e+04
5.260700000000000000e+04
5.260800000000000000e+04
5.260900000000000000e+04
5.261000000000000000e+04
5.261100000000000000e+04
5.261200000000000000e+04
5.261300000000000000e+04
5.261400000000000000e+04
5.261500000000000000e+04
5.261600000000000000e+04
5.261700000000000000e+04
5.261800000000000000e+04
5.261900000000000000e+04
5.262000000000000000e+04
5.262100000000000000e+04
5.262200000000000000e+04
5.262300000000000000e+04
5.262400000000000000e+04
5.262500000000000000e+04
5.262600000000000000e+04
5.262700000000000000e+04
5.262800000000000000e+04
5.262900000000000000e+04
5.263000000000000000e+04
5.263100000000000000e+04
5.263200000000000000e+04
5.263300000000000000e+04
5.263400000000000000e+04
5.263500000000000000e+04
5.263600000000000000e+04
5.263700000000000000e+04
5.263800000000000000e+04
5.292900000000000000e+04
5.293000000000000000e+04
5.293100000000000000e+04
5.293200000000000000e+04
5.293300000000000000e+04
5.293400000000000000e+04
5.293500000000000000e+04
5.293600000000000000e+04
5.293700000000000000e+04
5.293800000000000000e+04
5.293900000000000000e+04
5.294000000000000000e+04
5.294100000000000000e+04
5.294200000000000000e+04
5.294300000000000000e+04
5.294400000000000000e+04
5.294500000000000000e+04
5.294600000000000000e+04
5.294700000000000000e+04
5.294800000000000000e+04
5.294900000000000000e+04
5.295000000000000000e+04
5.295100000000000000e+04
5.295200000000000000e+04
5.295300000000000000e+04
5.295400000000000000e+04
5.295500000000000000e+04
5.295600000000000000e+04
5.295700000000000000e+04
5.295800000000000000e+04
5.295900000000000000e+04
5.296000000000000000e+04
5.296100000000000000e+04
5.296200000000000000e+04
5.296300000000000000e+04
5.296400000000000000e+04
5.296500000000000000e+04
5.296600000000000000e+04
5.296700000000000000e+04
5.296800000000000000e+04
5.296900000000000000e+04
5.297000000000000000e+04
5.297100000000000000e+04
5.297200000000000000e+04
5.297300000000000000e+04
5.297400000000000000e+04
5.297500000000000000e+04
5.297600000000000000e+04
5.297700000000000000e+04
5.297800000000000000e+04
5.297900000000000000e+04
5.298000000000000000e+04
5.298100000000000000e+04
5.298200000000000000e+04
5.298300000000000000e+04
5.298400000000000000e+04
5.298500000000000000e+04
5.298600000000000000e+04
5.298700000000000000e+04
5.298800000000000000e+04
5.298900000000000000e+04
5.299000000000000000e+04
5.299100000000000000e+04
5.299200000000000000e+04
5.299300000000000000e+04
5.299400000000000000e+04
5.299500000000000000e+04
5.299600000000000000e+04
5.299700000000000000e+04
5.299800000000000000e+04
5.299900000000000000e+04
5.300000000000000000e+04
5.300100000000000000e+04
5.300200000000000000e+04
5.300300000000000000e+04
5.300400000000000000e+04
5.300500000000000000e+04
5.300600000000000000e+04
5.300700000000000000e+04
5.300800000000000000e+04
5.300900000000000000e+04
5.301000000000000000e+04
5.301100000000000000e+04
5.301200000000000000e+04
5.301300000000000000e+04
5.301400000000000000e+04
5.301500000000000000e+04
5.301600000000000000e+04
5.301700000000000000e+04
5.301800000000000000e+04
5.301900000000000000e+04
5.302000000000000000e+04
5.302100000000000000e+04
5.302200000000000000e+04
5.302300000000000000e+04
5.302400000000000000e+04
5.302500000000000000e+04
5.302600000000000000e+04
5.302700000000000000e+04
5.302800000000000000e+04
5.302900000000000000e+04
5.303000000000000000e+04
5.303100000000000000e+04
5.303200000000000000e+04
5.303300000000000000e+04
5.303400000000000000e+04
5.303500000000000000e+04
5.303600000000000000e+04
5.303700000000000000e+04
5.303800000000000000e+04
5.303900000000000000e+04
5.304000000000000000e+04
5.304100000000000000e+04
5.304200000000000000e+04
5.304300000000000000e+04
5.304400000000000000e+04
5.304500000000000000e+04
5.304600000000000000e+04
5.304700000000000000e+04
5.304800000000000000e+04
5.304900000000000000e+04
5.305000000000000000e+04
5.305100000000000000e+04
5.305200000000000000e+04
5.305300000000000000e+04
5.305400000000000000e+04
5.305500000000000000e+04
5.305600000000000000e+04
5.305700000000000000e+04
5.305800000000000000e+04
5.305900000000000000e+04
5.306000000000000000e+04
5.306100000000000000e+04
5.306200000000000000e+04
5.306300000000000000e+04
5.306400000000000000e+04
5.306500000000000000e+04
5.306600000000000000e+04
5.306700000000000000e+04
5.306800000000000000e+04
5.306900000000000000e+04
5.307000000000000000e+04
5.307100000000000000e+04
5.307200000000000000e+04
5.307300000000000000e+04
5.307400000000000000e+04
5.307500000000000000e+04
5.307600000000000000e+04
5.307700000000000000e+04
5.307800000000000000e+04
5.307900000000000000e+04
5.308000000000000000e+04
5.308100000000000000e+04
5.308200000000000000e+04
5.308300000000000000e+04
5.308400000000000000e+04
5.308500000000000000e+04
5.308600000000000000e+04
5.308700000000000000e+04
5.308800000000000000e+04
5.308900000000000000e+04
5.309000000000000000e+04
5.309100000000000000e+04
5.309200000000000000e+04
5.309300000000000000e+04
5.309400000000000000e+04
5.309500000000000000e+04
5.309600000000000000e+04
5.309700000000000000e+04
5.309800000000000000e+04
5.309900000000000000e+04
5.310000000000000000e+04
5.310100000000000000e+04
5.310200000000000000e+04
5.310300000000000000e+04
5.310400000000000000e+04
5.310500000000000000e+04
5.310600000000000000e+04
5.310700000000000000e+04
5.310800000000000000e+04
5.310900000000000000e+04
5.311000000000000000e+04
5.311100000000000000e+04
5.311200000000000000e+04
5.311300000000000000e+04
5.311400000000000000e+04
5.311500000000000000e+04
5.311600000000000000e+04
5.311700000000000000e+04
5.311800000000000000e+04
5.356200000000000000e+04
5.356300000000000000e+04
5.356400000000000000e+04
5.356500000000000000e+04
5.356600000000000000e+04
5.356700000000000000e+04
5.356800000000000000e+04
5.356900000000000000e+04
5.357000000000000000e+04
5.357100000000000000e+04
5.357200000000000000e+04
5.357300000000000000e+04
5.357400000000000000e+04
5.357500000000000000e+04
5.357600000000000000e+04
5.357700000000000000e+04
5.357800000000000000e+04
5.357900000000000000e+04
5.358000000000000000e+04
5.358100000000000000e+04
5.358200000000000000e+04
5.358300000000000000e+04
5.358400000000000000e+04
5.385500000000000000e+04
5.385600000000000000e+04
5.385700000000000000e+04
5.385800000000000000e+04
5.385900000000000000e+04
5.386000000000000000e+04
5.386100000000000000e+04
5.386200000000000000e+04
5.386300000000000000e+04
5.386400000000000000e+04
5.386500000000000000e+04
5.386600000000000000e+04
5.386700000000000000e+04
5.386800000000000000e+04
5.386900000000000000e+04
5.387000000000000000e+04
5.387100000000000000e+04
5.387200000000000000e+04
5.387300000000000000e+04
5.387400000000000000e+04
5.387500000000000000e+04
5.387600000000000000e+04
5.387700000000000000e+04
5.387800000000000000e+04
5.387900000000000000e+04
5.388000000000000000e+04
5.388100000000000000e+04
5.388200000000000000e+04
5.388300000000000000e+04
5.388400000000000000e+04
5.388500000000000000e+04
5.388600000000000000e+04
5.388700000000000000e+04
5.388800000000000000e+04
5.388900000000000000e+04
5.389000000000000000e+04
5.389100000000000000e+04
5.389200000000000000e+04
5.389300000000000000e+04
5.389400000000000000e+04
5.389500000000000000e+04
5.389600000000000000e+04
5.389700000000000000e+04
5.389800000000000000e+04
5.389900000000000000e+04
5.390000000000000000e+04
5.390100000000000000e+04
5.390200000000000000e+04
5.390300000000000000e+04
5.390400000000000000e+04
5.390500000000000000e+04
5.390600000000000000e+04
5.390700000000000000e+04
5.390800000000000000e+04
5.390900000000000000e+04
5.391000000000000000e+04
5.391100000000000000e+04
5.391200000000000000e+04
5.391300000000000000e+04
5.399500000000000000e+04
5.399600000000000000e+04
5.399700000000000000e+04
5.399800000000000000e+04
5.399900000000000000e+04
5.400000000000000000e+04
5.400100000000000000e+04
5.400200000000000000e+04
5.400300000000000000e+04
5.400400000000000000e+04
5.400500000000000000e+04
5.400600000000000000e+04
5.400700000000000000e+04
5.400800000000000000e+04
5.400900000000000000e+04
5.401000000000000000e+04
5.401100000000000000e+04
5.401200000000000000e+04
5.401300000000000000e+04
5.401400000000000000e+04
5.401500000000000000e+04
5.401600000000000000e+04
5.401700000000000000e+04
5.401800000000000000e+04
5.401900000000000000e+04
5.402000000000000000e+04
5.402100000000000000e+04
5.402200000000000000e+04
5.402300000000000000e+04
5.402400000000000000e+04
5.402500000000000000e+04
5.412700000000000000e+04
5.412800000000000000e+04
5.412900000000000000e+04
5.413000000000000000e+04
5.413100000000000000e+04
5.413200000000000000e+04
5.413300000000000000e+04
5.413400000000000000e+04
5.413500000000000000e+04
5.413600000000000000e+04
5.413700000000000000e+04
5.413800000000000000e+04
5.413900000000000000e+04
5.414000000000000000e+04
5.414100000000000000e+04
5.414200000000000000e+04
5.414300000000000000e+04
5.414400000000000000e+04
5.414500000000000000e+04
5.414600000000000000e+04
5.414700000000000000e+04
5.414800000000000000e+04
5.414900000000000000e+04
5.415000000000000000e+04
5.415100000000000000e+04
5.415200000000000000e+04
5.415300000000000000e+04
5.415400000000000000e+04
5.415500000000000000e+04
5.415600000000000000e+04
5.415700000000000000e+04
5.415800000000000000e+04
5.415900000000000000e+04
5.416000000000000000e+04
5.416100000000000000e+04
5.416200000000000000e+04
5.416300000000000000e+04
5.416400000000000000e+04
5.416500000000000000e+04
5.416600000000000000e+04
5.416700000000000000e+04
5.416800000000000000e+04
5.416900000000000000e+04
5.417000000000000000e+04
5.417100000000000000e+04
5.417200000000000000e+04
5.417300000000000000e+04
5.417400000000000000e+04
5.417500000000000000e+04
5.417600000000000000e+04
5.417700000000000000e+04
5.417800000000000000e+04
5.417900000000000000e+04
5.418000000000000000e+04
5.418100000000000000e+04
5.418200000000000000e+04
5.418300000000000000e+04
5.418400000000000000e+04
5.418500000000000000e+04
5.418600000000000000e+04
5.418700000000000000e+04
5.418800000000000000e+04
5.418900000000000000e+04
5.419000000000000000e+04
5.419100000000000000e+04
5.419200000000000000e+04
5.419300000000000000e+04
5.419400000000000000e+04
5.419500000000000000e+04
5.419600000000000000e+04
5.419700000000000000e+04
5.419800000000000000e+04
5.419900000000000000e+04
5.420000000000000000e+04
5.420100000000000000e+04
5.420200000000000000e+04
5.420300000000000000e+04
5.420400000000000000e+04
5.420500000000000000e+04
5.420600000000000000e+04
5.420700000000000000e+04
5.420800000000000000e+04
5.420900000000000000e+04
5.421000000000000000e+04
5.421100000000000000e+04
5.421200000000000000e+04
5.421300000000000000e+04
5.421400000000000000e+04
5.421500000000000000e+04
5.421600000000000000e+04
5.421700000000000000e+04
5.421800000000000000e+04
5.421900000000000000e+04
5.422000000000000000e+04
5.422100000000000000e+04
5.422200000000000000e+04
5.422300000000000000e+04
5.422400000000000000e+04
5.422500000000000000e+04
5.422600000000000000e+04
5.422700000000000000e+04
5.422800000000000000e+04
5.422900000000000000e+04
5.423000000000000000e+04
5.423100000000000000e+04
5.423200000000000000e+04
5.423300000000000000e+04
5.423400000000000000e+04
5.423500000000000000e+04
5.423600000000000000e+04
5.423700000000000000e+04
5.423800000000000000e+04
5.423900000000000000e+04
5.424000000000000000e+04
5.424100000000000000e+04
5.424200000000000000e+04
5.424300000000000000e+04
5.424400000000000000e+04
5.424500000000000000e+04
5.424600000000000000e+04
5.424700000000000000e+04
5.424800000000000000e+04
5.424900000000000000e+04
5.425000000000000000e+04
5.425100000000000000e+04
5.425200000000000000e+04
5.425300000000000000e+04
5.425400000000000000e+04
5.425500000000000000e+04
5.425600000000000000e+04
5.425700000000000000e+04
5.425800000000000000e+04
5.425900000000000000e+04
5.426000000000000000e+04
5.426100000000000000e+04
5.426200000000000000e+04
5.426300000000000000e+04
5.426400000000000000e+04
5.426500000000000000e+04
5.426600000000000000e+04
5.426700000000000000e+04
5.426800000000000000e+04
5.426900000000000000e+04
5.427000000000000000e+04
5.427100000000000000e+04
5.427200000000000000e+04
5.427300000000000000e+04
5.427400000000000000e+04
5.427500000000000000e+04
5.427600000000000000e+04
5.427700000000000000e+04
5.427800000000000000e+04
5.427900000000000000e+04
5.428000000000000000e+04
5.428100000000000000e+04
5.428200000000000000e+04
5.428300000000000000e+04
5.428400000000000000e+04
5.428500000000000000e+04
5.428600000000000000e+04
5.428700000000000000e+04
5.428800000000000000e+04
5.428900000000000000e+04
5.429000000000000000e+04
5.429100000000000000e+04
5.429200000000000000e+04
5.429300000000000000e+04
5.429400000000000000e+04
5.429500000000000000e+04
5.429600000000000000e+04
5.429700000000000000e+04
5.429800000000000000e+04
5.429900000000000000e+04
5.430000000000000000e+04
5.430100000000000000e+04
5.430200000000000000e+04
5.430300000000000000e+04
5.430400000000000000e+04
5.430500000000000000e+04
5.430600000000000000e+04
5.430700000000000000e+04
5.430800000000000000e+04
5.430900000000000000e+04
5.431000000000000000e+04
5.431100000000000000e+04
5.431200000000000000e+04
5.431300000000000000e+04
5.431400000000000000e+04
5.431500000000000000e+04
5.431600000000000000e+04
5.431700000000000000e+04
5.431800000000000000e+04
5.431900000000000000e+04
5.432000000000000000e+04
5.432100000000000000e+04
5.432200000000000000e+04
5.432300000000000000e+04
5.432400000000000000e+04
5.432500000000000000e+04
5.432600000000000000e+04
5.432700000000000000e+04
5.432800000000000000e+04
5.432900000000000000e+04
5.433000000000000000e+04
5.433100000000000000e+04
5.433200000000000000e+04
5.433300000000000000e+04
5.433400000000000000e+04
5.433500000000000000e+04
5.433600000000000000e+04
5.433700000000000000e+04
5.433800000000000000e+04
5.433900000000000000e+04
5.434000000000000000e+04
5.434100000000000000e+04
5.434200000000000000e+04
5.434300000000000000e+04
5.434400000000000000e+04
5.434500000000000000e+04
5.434600000000000000e+04
5.434700000000000000e+04
5.434800000000000000e+04
5.434900000000000000e+04
5.435000000000000000e+04
5.435100000000000000e+04
5.435200000000000000e+04
5.435300000000000000e+04
5.435400000000000000e+04
5.435500000000000000e+04
5.435600000000000000e+04
5.435700000000000000e+04
5.435800000000000000e+04
5.435900000000000000e+04
5.436000000000000000e+04
5.436100000000000000e+04
5.436200000000000000e+04
5.436300000000000000e+04
5.436400000000000000e+04
5.436500000000000000e+04
5.436600000000000000e+04
5.436700000000000000e+04
5.436800000000000000e+04
5.436900000000000000e+04
5.437000000000000000e+04
5.437100000000000000e+04
5.437200000000000000e+04
5.437300000000000000e+04
5.437400000000000000e+04
5.437500000000000000e+04
5.437600000000000000e+04
5.437700000000000000e+04
5.437800000000000000e+04
5.437900000000000000e+04
5.438000000000000000e+04
5.438100000000000000e+04
5.438200000000000000e+04
5.438300000000000000e+04
5.438400000000000000e+04
5.438500000000000000e+04
5.438600000000000000e+04
5.438700000000000000e+04
5.438800000000000000e+04
5.438900000000000000e+04
5.439000000000000000e+04
5.439100000000000000e+04
5.439200000000000000e+04
5.439300000000000000e+04
5.439400000000000000e+04
5.439500000000000000e+04
5.439600000000000000e+04
5.439700000000000000e+04
5.439800000000000000e+04
5.439900000000000000e+04
5.440000000000000000e+04
5.440100000000000000e+04
5.440200000000000000e+04
5.440300000000000000e+04
5.440400000000000000e+04
5.440500000000000000e+04
5.440600000000000000e+04
5.440700000000000000e+04
5.440800000000000000e+04
5.440900000000000000e+04
5.441000000000000000e+04
5.441100000000000000e+04
5.441200000000000000e+04
5.441300000000000000e+04
5.441400000000000000e+04
5.441500000000000000e+04
5.441600000000000000e+04
5.441700000000000000e+04
5.441800000000000000e+04
5.441900000000000000e+04
5.442000000000000000e+04
5.442100000000000000e+04
5.442200000000000000e+04
5.442300000000000000e+04
5.442400000000000000e+04
5.442500000000000000e+04
5.442600000000000000e+04
5.442700000000000000e+04
5.442800000000000000e+04
5.442900000000000000e+04
5.443000000000000000e+04
5.443100000000000000e+04
5.443200000000000000e+04
5.443300000000000000e+04
5.443400000000000000e+04
5.443500000000000000e+04
5.700800000000000000e+04
5.700900000000000000e+04
5.701000000000000000e+04
5.701100000000000000e+04
5.701200000000000000e+04
5.701300000000000000e+04
5.701400000000000000e+04
5.701500000000000000e+04
5.701600000000000000e+04
5.701700000000000000e+04
5.701800000000000000e+04
5.701900000000000000e+04
5.714900000000000000e+04
5.715000000000000000e+04
5.715100000000000000e+04
5.715200000000000000e+04
5.715300000000000000e+04
5.715400000000000000e+04
5.715500000000000000e+04
5.715600000000000000e+04
5.715700000000000000e+04
5.715800000000000000e+04
5.715900000000000000e+04
5.716000000000000000e+04
5.716100000000000000e+04
5.716200000000000000e+04
5.716300000000000000e+04
5.716400000000000000e+04
5.716500000000000000e+04
5.716600000000000000e+04
5.716700000000000000e+04
5.716800000000000000e+04
5.716900000000000000e+04
5.717000000000000000e+04
5.717100000000000000e+04
5.717200000000000000e+04
5.717300000000000000e+04
5.717400000000000000e+04
5.717500000000000000e+04
5.717600000000000000e+04
5.717700000000000000e+04
5.717800000000000000e+04
5.717900000000000000e+04
5.718000000000000000e+04
5.718100000000000000e+04
5.718200000000000000e+04
5.718500000000000000e+04
5.718600000000000000e+04
5.718700000000000000e+04
5.718800000000000000e+04
5.718900000000000000e+04
5.719000000000000000e+04
5.719100000000000000e+04
5.719200000000000000e+04
5.719400000000000000e+04
5.719500000000000000e+04
5.719600000000000000e+04
5.719700000000000000e+04
5.719800000000000000e+04
5.719900000000000000e+04
5.720000000000000000e+04
5.720100000000000000e+04
5.720200000000000000e+04
5.723600000000000000e+04
5.723700000000000000e+04
5.723800000000000000e+04
5.723900000000000000e+04
5.724000000000000000e+04
5.724100000000000000e+04
5.724200000000000000e+04
5.724300000000000000e+04
5.724400000000000000e+04
5.729100000000000000e+04
5.729200000000000000e+04
5.729300000000000000e+04
5.729400000000000000e+04
5.729500000000000000e+04
5.729600000000000000e+04
5.729700000000000000e+04
5.729800000000000000e+04
5.729900000000000000e+04
5.730000000000000000e+04
5.730100000000000000e+04
5.730200000000000000e+04
5.730300000000000000e+04
5.730400000000000000e+04
5.730500000000000000e+04
5.730600000000000000e+04
5.730700000000000000e+04
5.730800000000000000e+04
5.730900000000000000e+04
5.731000000000000000e+04
5.731100000000000000e+04
5.731200000000000000e+04
5.731300000000000000e+04
5.731400000000000000e+04
5.731500000000000000e+04
5.731600000000000000e+04
5.731700000000000000e+04
5.738800000000000000e+04
5.738900000000000000e+04
5.739000000000000000e+04
5.739100000000000000e+04
5.739200000000000000e+04
5.739300000000000000e+04
5.739400000000000000e+04
5.739500000000000000e+04
5.739600000000000000e+04
5.742100000000000000e+04
5.742200000000000000e+04
5.742300000000000000e+04
5.742400000000000000e+04
5.742500000000000000e+04
5.742600000000000000e+04
5.742700000000000000e+04
5.742800000000000000e+04
5.742900000000000000e+04
5.743000000000000000e+04
5.743100000000000000e+04
5.743200000000000000e+04
5.743300000000000000e+04
5.743400000000000000e+04
5.743500000000000000e+04
5.743600000000000000e+04
5.743700000000000000e+04
5.743800000000000000e+04
5.743900000000000000e+04
5.744000000000000000e+04
5.744100000000000000e+04
5.744200000000000000e+04
5.744300000000000000e+04
5.744400000000000000e+04
5.744500000000000000e+04
5.744600000000000000e+04
5.744700000000000000e+04
5.744800000000000000e+04
5.744900000000000000e+04
5.745000000000000000e+04
5.745100000000000000e+04
5.745200000000000000e+04
5.745300000000000000e+04
5.745400000000000000e+04
5.745500000000000000e+04
5.745600000000000000e+04
5.745700000000000000e+04
5.745800000000000000e+04
5.745900000000000000e+04
5.746000000000000000e+04
5.746100000000000000e+04
5.746200000000000000e+04
5.746300000000000000e+04
5.746400000000000000e+04
5.746500000000000000e+04
5.746600000000000000e+04
5.746700000000000000e+04
5.746800000000000000e+04
5.746900000000000000e+04
5.747000000000000000e+04
5.747100000000000000e+04
