0.000000000000000000e+00
2.000000000000000000e+00
3.000000000000000000e+00
5.000000000000000000e+00
7.000000000000000000e+00
9.000000000000000000e+00
1.100000000000000000e+01
1.300000000000000000e+01
1.500000000000000000e+01
1.700000000000000000e+01
1.900000000000000000e+01
2.100000000000000000e+01
2.300000000000000000e+01
2.500000000000000000e+01
2.700000000000000000e+01
2.900000000000000000e+01
3.100000000000000000e+01
3.300000000000000000e+01
3.500000000000000000e+01
3.700000000000000000e+01
3.900000000000000000e+01
4.100000000000000000e+01
4.300000000000000000e+01
4.500000000000000000e+01
4.700000000000000000e+01
4.900000000000000000e+01
5.100000000000000000e+01
5.300000000000000000e+01
5.500000000000000000e+01
5.700000000000000000e+01
5.900000000000000000e+01
6.100000000000000000e+01
6.300000000000000000e+01
6.500000000000000000e+01
6.700000000000000000e+01
6.900000000000000000e+01
7.100000000000000000e+01
7.300000000000000000e+01
7.500000000000000000e+01
7.700000000000000000e+01
7.900000000000000000e+01
8.100000000000000000e+01
8.300000000000000000e+01
8.500000000000000000e+01
8.700000000000000000e+01
8.900000000000000000e+01
9.100000000000000000e+01
9.300000000000000000e+01
9.500000000000000000e+01
9.700000000000000000e+01
9.900000000000000000e+01
1.010000000000000000e+02
1.030000000000000000e+02
1.050000000000000000e+02
1.070000000000000000e+02
1.090000000000000000e+02
1.110000000000000000e+02
1.130000000000000000e+02
1.150000000000000000e+02
1.170000000000000000e+02
1.190000000000000000e+02
1.210000000000000000e+02
1.230000000000000000e+02
1.250000000000000000e+02
1.270000000000000000e+02
1.290000000000000000e+02
1.310000000000000000e+02
1.330000000000000000e+02
1.350000000000000000e+02
1.370000000000000000e+02
1.390000000000000000e+02
1.410000000000000000e+02
1.430000000000000000e+02
1.450000000000000000e+02
1.470000000000000000e+02
1.490000000000000000e+02
1.510000000000000000e+02
1.530000000000000000e+02
1.550000000000000000e+02
1.570000000000000000e+02
1.590000000000000000e+02
1.610000000000000000e+02
1.630000000000000000e+02
1.650000000000000000e+02
1.670000000000000000e+02
1.690000000000000000e+02
1.710000000000000000e+02
1.730000000000000000e+02
1.750000000000000000e+02
1.770000000000000000e+02
1.790000000000000000e+02
1.810000000000000000e+02
1.830000000000000000e+02
1.850000000000000000e+02
1.870000000000000000e+02
1.890000000000000000e+02
1.910000000000000000e+02
1.930000000000000000e+02
1.950000000000000000e+02
1.970000000000000000e+02
1.990000000000000000e+02
2.010000000000000000e+02
2.030000000000000000e+02
2.050000000000000000e+02
2.070000000000000000e+02
2.090000000000000000e+02
2.110000000000000000e+02
2.130000000000000000e+02
2.150000000000000000e+02
2.170000000000000000e+02
2.190000000000000000e+02
2.210000000000000000e+02
2.230000000000000000e+02
2.250000000000000000e+02
2.270000000000000000e+02
2.290000000000000000e+02
2.310000000000000000e+02
2.330000000000000000e+02
2.350000000000000000e+02
2.370000000000000000e+02
2.390000000000000000e+02
2.410000000000000000e+02
2.430000000000000000e+02
2.450000000000000000e+02
2.470000000000000000e+02
2.490000000000000000e+02
2.510000000000000000e+02
2.530000000000000000e+02
2.550000000000000000e+02
2.570000000000000000e+02
2.590000000000000000e+02
2.610000000000000000e+02
2.630000000000000000e+02
2.650000000000000000e+02
2.670000000000000000e+02
2.690000000000000000e+02
2.710000000000000000e+02
2.730000000000000000e+02
2.750000000000000000e+02
2.770000000000000000e+02
2.790000000000000000e+02
2.810000000000000000e+02
2.830000000000000000e+02
2.850000000000000000e+02
2.870000000000000000e+02
2.890000000000000000e+02
2.910000000000000000e+02
2.930000000000000000e+02
2.950000000000000000e+02
2.970000000000000000e+02
2.990000000000000000e+02
3.010000000000000000e+02
3.030000000000000000e+02
3.050000000000000000e+02
3.070000000000000000e+02
3.090000000000000000e+02
3.110000000000000000e+02
3.130000000000000000e+02
3.150000000000000000e+02
3.170000000000000000e+02
3.190000000000000000e+02
3.210000000000000000e+02
3.230000000000000000e+02
3.250000000000000000e+02
3.270000000000000000e+02
3.290000000000000000e+02
3.310000000000000000e+02
3.330000000000000000e+02
3.350000000000000000e+02
3.370000000000000000e+02
3.390000000000000000e+02
3.410000000000000000e+02
3.430000000000000000e+02
3.450000000000000000e+02
3.470000000000000000e+02
3.490000000000000000e+02
3.510000000000000000e+02
3.530000000000000000e+02
3.550000000000000000e+02
3.570000000000000000e+02
3.590000000000000000e+02
3.610000000000000000e+02
3.630000000000000000e+02
3.650000000000000000e+02
3.670000000000000000e+02
3.690000000000000000e+02
3.710000000000000000e+02
3.730000000000000000e+02
3.750000000000000000e+02
3.770000000000000000e+02
3.790000000000000000e+02
3.810000000000000000e+02
3.830000000000000000e+02
3.850000000000000000e+02
3.870000000000000000e+02
3.890000000000000000e+02
3.910000000000000000e+02
3.930000000000000000e+02
3.950000000000000000e+02
3.970000000000000000e+02
3.990000000000000000e+02
4.010000000000000000e+02
4.030000000000000000e+02
4.050000000000000000e+02
4.070000000000000000e+02
4.090000000000000000e+02
4.110000000000000000e+02
4.130000000000000000e+02
4.150000000000000000e+02
4.170000000000000000e+02
4.190000000000000000e+02
4.210000000000000000e+02
4.230000000000000000e+02
4.250000000000000000e+02
4.270000000000000000e+02
4.290000000000000000e+02
4.310000000000000000e+02
4.330000000000000000e+02
4.350000000000000000e+02
4.370000000000000000e+02
4.390000000000000000e+02
4.410000000000000000e+02
4.430000000000000000e+02
4.450000000000000000e+02
4.470000000000000000e+02
4.490000000000000000e+02
4.510000000000000000e+02
4.530000000000000000e+02
4.550000000000000000e+02
4.570000000000000000e+02
4.590000000000000000e+02
4.610000000000000000e+02
4.630000000000000000e+02
4.650000000000000000e+02
4.670000000000000000e+02
4.690000000000000000e+02
4.710000000000000000e+02
4.730000000000000000e+02
4.750000000000000000e+02
4.770000000000000000e+02
4.790000000000000000e+02
4.810000000000000000e+02
4.830000000000000000e+02
4.850000000000000000e+02
4.870000000000000000e+02
4.890000000000000000e+02
4.900000000000000000e+02
4.910000000000000000e+02
7.360000000000000000e+02
7.370000000000000000e+02
9.820000000000000000e+02
9.830000000000000000e+02
1.228000000000000000e+03
1.229000000000000000e+03
1.474000000000000000e+03
1.475000000000000000e+03
1.720000000000000000e+03
1.721000000000000000e+03
1.966000000000000000e+03
1.967000000000000000e+03
2.212000000000000000e+03
2.213000000000000000e+03
2.458000000000000000e+03
2.459000000000000000e+03
2.704000000000000000e+03
2.705000000000000000e+03
2.950000000000000000e+03
2.951000000000000000e+03
3.196000000000000000e+03
3.197000000000000000e+03
3.442000000000000000e+03
3.443000000000000000e+03
3.688000000000000000e+03
3.689000000000000000e+03
3.934000000000000000e+03
3.935000000000000000e+03
4.180000000000000000e+03
4.181000000000000000e+03
4.426000000000000000e+03
4.427000000000000000e+03
4.672000000000000000e+03
4.673000000000000000e+03
4.918000000000000000e+03
4.919000000000000000e+03
5.164000000000000000e+03
5.165000000000000000e+03
5.410000000000000000e+03
5.411000000000000000e+03
5.656000000000000000e+03
5.657000000000000000e+03
5.902000000000000000e+03
5.903000000000000000e+03
6.148000000000000000e+03
6.149000000000000000e+03
6.394000000000000000e+03
6.395000000000000000e+03
6.640000000000000000e+03
6.641000000000000000e+03
6.886000000000000000e+03
6.887000000000000000e+03
7.132000000000000000e+03
7.133000000000000000e+03
7.378000000000000000e+03
7.379000000000000000e+03
7.624000000000000000e+03
7.625000000000000000e+03
7.870000000000000000e+03
7.871000000000000000e+03
8.116000000000000000e+03
8.117000000000000000e+03
8.362000000000000000e+03
8.363000000000000000e+03
8.608000000000000000e+03
8.609000000000000000e+03
8.854000000000000000e+03
8.855000000000000000e+03
9.100000000000000000e+03
9.101000000000000000e+03
9.346000000000000000e+03
9.347000000000000000e+03
9.592000000000000000e+03
9.593000000000000000e+03
9.838000000000000000e+03
9.839000000000000000e+03
1.008400000000000000e+04
1.008500000000000000e+04
1.033000000000000000e+04
1.033100000000000000e+04
1.057600000000000000e+04
1.057700000000000000e+04
1.082200000000000000e+04
1.082300000000000000e+04
1.106800000000000000e+04
1.106900000000000000e+04
1.131400000000000000e+04
1.131500000000000000e+04
1.156000000000000000e+04
1.156100000000000000e+04
1.180600000000000000e+04
1.180700000000000000e+04
1.205200000000000000e+04
1.205300000000000000e+04
1.229800000000000000e+04
1.229900000000000000e+04
1.254400000000000000e+04
1.254500000000000000e+04
1.279000000000000000e+04
1.279100000000000000e+04
1.303600000000000000e+04
1.303700000000000000e+04
1.328200000000000000e+04
1.328300000000000000e+04
1.352800000000000000e+04
1.352900000000000000e+04
1.377400000000000000e+04
1.377500000000000000e+04
1.402000000000000000e+04
1.402100000000000000e+04
1.426600000000000000e+04
1.426700000000000000e+04
1.451200000000000000e+04
1.451300000000000000e+04
1.475800000000000000e+04
1.475900000000000000e+04
1.500400000000000000e+04
1.500500000000000000e+04
1.525000000000000000e+04
1.525100000000000000e+04
1.549600000000000000e+04
1.549700000000000000e+04
1.574200000000000000e+04
1.574300000000000000e+04
1.598800000000000000e+04
1.598900000000000000e+04
1.623400000000000000e+04
1.623500000000000000e+04
1.648000000000000000e+04
1.648100000000000000e+04
1.672600000000000000e+04
1.672700000000000000e+04
1.697200000000000000e+04
1.697300000000000000e+04
1.721800000000000000e+04
1.721900000000000000e+04
1.746400000000000000e+04
1.746500000000000000e+04
1.771000000000000000e+04
1.771100000000000000e+04
1.795600000000000000e+04
1.795700000000000000e+04
1.820200000000000000e+04
1.820300000000000000e+04
1.844800000000000000e+04
1.844900000000000000e+04
1.869400000000000000e+04
1.869500000000000000e+04
1.894000000000000000e+04
1.894100000000000000e+04
1.918600000000000000e+04
1.918700000000000000e+04
1.943200000000000000e+04
1.943300000000000000e+04
1.967800000000000000e+04
1.967900000000000000e+04
1.992400000000000000e+04
1.992500000000000000e+04
2.017000000000000000e+04
2.017100000000000000e+04
2.041600000000000000e+04
2.041700000000000000e+04
2.066200000000000000e+04
2.066300000000000000e+04
2.090800000000000000e+04
2.090900000000000000e+04
2.115400000000000000e+04
2.115500000000000000e+04
2.140000000000000000e+04
2.140100000000000000e+04
2.164600000000000000e+04
2.164700000000000000e+04
2.189200000000000000e+04
2.189300000000000000e+04
2.213800000000000000e+04
2.213900000000000000e+04
2.238400000000000000e+04
2.238500000000000000e+04
2.263000000000000000e+04
2.263100000000000000e+04
2.287600000000000000e+04
2.287700000000000000e+04
2.312200000000000000e+04
2.312300000000000000e+04
2.336800000000000000e+04
2.336900000000000000e+04
2.361400000000000000e+04
2.361500000000000000e+04
2.386000000000000000e+04
2.386100000000000000e+04
2.410600000000000000e+04
2.410700000000000000e+04
2.435200000000000000e+04
2.435300000000000000e+04
2.459800000000000000e+04
2.459900000000000000e+04
2.484400000000000000e+04
2.484500000000000000e+04
2.509000000000000000e+04
2.509100000000000000e+04
2.533600000000000000e+04
2.533700000000000000e+04
2.558200000000000000e+04
2.558300000000000000e+04
2.582800000000000000e+04
2.582900000000000000e+04
2.607400000000000000e+04
2.607500000000000000e+04
2.631900000000000000e+04
2.632000000000000000e+04
2.632100000000000000e+04
2.656400000000000000e+04
2.656500000000000000e+04
2.680800000000000000e+04
2.680900000000000000e+04
2.705100000000000000e+04
2.705200000000000000e+04
2.705300000000000000e+04
2.729400000000000000e+04
2.729500000000000000e+04
2.753500000000000000e+04
2.753600000000000000e+04
2.753700000000000000e+04
2.777600000000000000e+04
2.777700000000000000e+04
2.801500000000000000e+04
2.801600000000000000e+04
2.801700000000000000e+04
2.825400000000000000e+04
2.825500000000000000e+04
2.849200000000000000e+04
2.849300000000000000e+04
2.849400000000000000e+04
2.872900000000000000e+04
2.873000000000000000e+04
2.896500000000000000e+04
2.896600000000000000e+04
2.896700000000000000e+04
2.920000000000000000e+04
2.920100000000000000e+04
2.943400000000000000e+04
2.943500000000000000e+04
2.966700000000000000e+04
2.966800000000000000e+04
2.966900000000000000e+04
2.990000000000000000e+04
2.990100000000000000e+04
3.013200000000000000e+04
3.013300000000000000e+04
3.013400000000000000e+04
3.036300000000000000e+04
3.036400000000000000e+04
3.059300000000000000e+04
3.059400000000000000e+04
3.059500000000000000e+04
3.082200000000000000e+04
3.082300000000000000e+04
3.105000000000000000e+04
3.105100000000000000e+04
3.105200000000000000e+04
3.127700000000000000e+04
3.127800000000000000e+04
3.150300000000000000e+04
3.150400000000000000e+04
3.172900000000000000e+04
3.173000000000000000e+04
3.173100000000000000e+04
3.195400000000000000e+04
3.195500000000000000e+04
3.217800000000000000e+04
3.217900000000000000e+04
3.218000000000000000e+04
3.240100000000000000e+04
3.240200000000000000e+04
3.262300000000000000e+04
3.262400000000000000e+04
3.262500000000000000e+04
3.284400000000000000e+04
3.284500000000000000e+04
3.306400000000000000e+04
3.306500000000000000e+04
3.306600000000000000e+04
3.328400000000000000e+04
3.328500000000000000e+04
3.350200000000000000e+04
3.350300000000000000e+04
3.350400000000000000e+04
3.372000000000000000e+04
3.372100000000000000e+04
3.393600000000000000e+04
3.393700000000000000e+04
3.415200000000000000e+04
3.415300000000000000e+04
3.415400000000000000e+04
3.436700000000000000e+04
3.436800000000000000e+04
3.458100000000000000e+04
3.458200000000000000e+04
3.458300000000000000e+04
3.479500000000000000e+04
3.479600000000000000e+04
3.500700000000000000e+04
3.500800000000000000e+04
3.500900000000000000e+04
3.521900000000000000e+04
3.522000000000000000e+04
3.542900000000000000e+04
3.543000000000000000e+04
3.543100000000000000e+04
3.563900000000000000e+04
3.564000000000000000e+04
3.584700000000000000e+04
3.584800000000000000e+04
3.584900000000000000e+04
3.605500000000000000e+04
3.605600000000000000e+04
3.626100000000000000e+04
3.626200000000000000e+04
3.626300000000000000e+04
3.646700000000000000e+04
3.646800000000000000e+04
3.667100000000000000e+04
3.667200000000000000e+04
3.667300000000000000e+04
3.687500000000000000e+04
3.687600000000000000e+04
3.707700000000000000e+04
3.707800000000000000e+04
3.707900000000000000e+04
3.727900000000000000e+04
3.728000000000000000e+04
3.747900000000000000e+04
3.748000000000000000e+04
3.748100000000000000e+04
3.767900000000000000e+04
3.768000000000000000e+04
3.768100000000000000e+04
3.787700000000000000e+04
3.787800000000000000e+04
3.807300000000000000e+04
3.807400000000000000e+04
3.807500000000000000e+04
3.826900000000000000e+04
3.827000000000000000e+04
3.827100000000000000e+04
3.846300000000000000e+04
3.846400000000000000e+04
3.865500000000000000e+04
3.865600000000000000e+04
3.865700000000000000e+04
3.884700000000000000e+04
3.884800000000000000e+04
3.903700000000000000e+04
3.903800000000000000e+04
3.903900000000000000e+04
3.922700000000000000e+04
3.922800000000000000e+04
3.922900000000000000e+04
3.941500000000000000e+04
3.941600000000000000e+04
3.960100000000000000e+04
3.960200000000000000e+04
3.960300000000000000e+04
3.978700000000000000e+04
3.978800000000000000e+04
3.978900000000000000e+04
3.997100000000000000e+04
3.997200000000000000e+04
3.997300000000000000e+04
4.015300000000000000e+04
4.015400000000000000e+04
4.015500000000000000e+04
4.033300000000000000e+04
4.033400000000000000e+04
4.033500000000000000e+04
4.051100000000000000e+04
4.051200000000000000e+04
4.068700000000000000e+04
4.068800000000000000e+04
4.068900000000000000e+04
4.086300000000000000e+04
4.086400000000000000e+04
4.086500000000000000e+04
4.103700000000000000e+04
4.103800000000000000e+04
4.103900000000000000e+04
4.120900000000000000e+04
4.121000000000000000e+04
4.121100000000000000e+04
4.137900000000000000e+04
4.138000000000000000e+04
4.138100000000000000e+04
4.154700000000000000e+04
4.154800000000000000e+04
4.154900000000000000e+04
4.171300000000000000e+04
4.171400000000000000e+04
4.171500000000000000e+04
4.171600000000000000e+04
4.187600000000000000e+04
4.187700000000000000e+04
4.187800000000000000e+04
4.187900000000000000e+04
4.188000000000000000e+04
4.203600000000000000e+04
4.203700000000000000e+04
4.203800000000000000e+04
4.203900000000000000e+04
4.204000000000000000e+04
4.219200000000000000e+04
4.219300000000000000e+04
4.219400000000000000e+04
4.219500000000000000e+04
4.219600000000000000e+04
4.234400000000000000e+04
4.234500000000000000e+04
4.234600000000000000e+04
4.234700000000000000e+04
4.234800000000000000e+04
4.249200000000000000e+04
4.249300000000000000e+04
4.249400000000000000e+04
4.249500000000000000e+04
4.263700000000000000e+04
4.263800000000000000e+04
4.263900000000000000e+04
4.264000000000000000e+04
4.277800000000000000e+04
4.277900000000000000e+04
4.278000000000000000e+04
4.278100000000000000e+04
4.278200000000000000e+04
4.291600000000000000e+04
4.291700000000000000e+04
4.291800000000000000e+04
4.291900000000000000e+04
4.292000000000000000e+04
4.305000000000000000e+04
4.305100000000000000e+04
4.305200000000000000e+04
4.305300000000000000e+04
4.305400000000000000e+04
4.318000000000000000e+04
4.318100000000000000e+04
4.318200000000000000e+04
4.318300000000000000e+04
4.318400000000000000e+04
4.330600000000000000e+04
4.330700000000000000e+04
4.330800000000000000e+04
4.330900000000000000e+04
4.331000000000000000e+04
4.331100000000000000e+04
4.331200000000000000e+04
4.342600000000000000e+04
4.342700000000000000e+04
4.342800000000000000e+04
4.342900000000000000e+04
4.343000000000000000e+04
4.343100000000000000e+04
4.343200000000000000e+04
4.343300000000000000e+04
4.343400000000000000e+04
4.354000000000000000e+04
4.354100000000000000e+04
4.354200000000000000e+04
4.354300000000000000e+04
4.354400000000000000e+04
4.354500000000000000e+04
4.354600000000000000e+04
4.354700000000000000e+04
4.354800000000000000e+04
4.354900000000000000e+04
4.355000000000000000e+04
4.364400000000000000e+04
4.364500000000000000e+04
4.364600000000000000e+04
4.364700000000000000e+04
4.364800000000000000e+04
4.364900000000000000e+04
4.365000000000000000e+04
4.365100000000000000e+04
4.365200000000000000e+04
4.365300000000000000e+04
4.365400000000000000e+04
4.365500000000000000e+04
4.365600000000000000e+04
4.373800000000000000e+04
4.373900000000000000e+04
4.374000000000000000e+04
4.374100000000000000e+04
4.374200000000000000e+04
4.374300000000000000e+04
4.374400000000000000e+04
4.374500000000000000e+04
4.374600000000000000e+04
4.374700000000000000e+04
4.374800000000000000e+04
4.374900000000000000e+04
4.375000000000000000e+04
4.375100000000000000e+04
4.375200000000000000e+04
4.375300000000000000e+04
4.375400000000000000e+04
4.375500000000000000e+04
4.375600000000000000e+04
4.375700000000000000e+04
4.375800000000000000e+04
4.375900000000000000e+04
4.376000000000000000e+04
4.376100000000000000e+04
4.376200000000000000e+04
4.376300000000000000e+04
4.376400000000000000e+04
4.376500000000000000e+04
4.380500000000000000e+04
4.380600000000000000e+04
4.380700000000000000e+04
4.380800000000000000e+04
4.380900000000000000e+04
4.381000000000000000e+04
4.381100000000000000e+04
4.381200000000000000e+04
4.381300000000000000e+04
4.381400000000000000e+04
4.381500000000000000e+04
4.381600000000000000e+04
4.381700000000000000e+04
4.381800000000000000e+04
4.381900000000000000e+04
4.382000000000000000e+04
4.382100000000000000e+04
4.382200000000000000e+04
4.382300000000000000e+04
4.382400000000000000e+04
4.382500000000000000e+04
4.382600000000000000e+04
4.382700000000000000e+04
4.382800000000000000e+04
4.382900000000000000e+04
4.383000000000000000e+04
4.383100000000000000e+04
4.383200000000000000e+04
4.383300000000000000e+04
4.383400000000000000e+04
4.383500000000000000e+04
4.383600000000000000e+04
4.383700000000000000e+04
4.383800000000000000e+04
4.383900000000000000e+04
4.384000000000000000e+04
4.384100000000000000e+04
4.384200000000000000e+04
4.384300000000000000e+04
4.384400000000000000e+04
4.384500000000000000e+04
4.384600000000000000e+04
4.384700000000000000e+04
4.384800000000000000e+04
4.384900000000000000e+04
4.385000000000000000e+04
4.385100000000000000e+04
4.385200000000000000e+04
4.385300000000000000e+04
4.385400000000000000e+04
4.385500000000000000e+04
4.385600000000000000e+04
4.385700000000000000e+04
4.385800000000000000e+04
4.385900000000000000e+04
4.386000000000000000e+04
4.386100000000000000e+04
4.386200000000000000e+04
4.386300000000000000e+04
4.386400000000000000e+04
4.386500000000000000e+04
